-0.034176711	0.001958984	0.006002175
0.01431487	-0.002831783	0.006132673
0.007402386	-0.000126219	0.00206795
0.008198733	-0.006691628	0.002762043
-0.019219224	-0.018677939	-0.000427489
-0.020692143	-0.002527526	0.001035456
0.021365309	0.004327978	0.002056626
0.016587329	-0.001446687	-0.000699958
-0.011186285	-0.003331151	0.002370769
0.000313129	0.004430973	-0.002645865
-0.025901878	0.001623431	-0.002760667
0.010700889	-0.003877346	-0.00116223
0.019609582	-0.006337198	0.006961469
0.018743119	-0.012397457	-7.00876E-05
-0.001725468	0.005278889	0.004565192
-0.010928594	0.000209626	0.002600355
0.016396908	0.000893488	0.002047483
-0.002327506	-0.010340929	0.001261112
0.011115584	-0.014823928	-0.006499685
-0.000860619	0.004704835	-0.000429949
0.025210897	-0.006709051	0.001556938
-0.012336078	0.00589289	0.000112875
-0.002076037	0.001477059	0.006000873
-0.000875932	-0.013385103	-0.001089323
0.0042216	-0.021270504	0.001075946
0.002766222	0.000592414	-0.000105355
-0.00106958	0.009650315	0.003950281
0.00487408	0.009982707	0.001239387
-0.013678861	-0.003324025	-0.000414915
0.000942563	0.001494977	0.00265057
-8.14606E-05	0.004332487	-0.005944189
0.015361663	-0.011985276	0.00131978
0.006857161	-0.008341188	0.002233372
0.005921809	0.005953847	0.000408139
0.014841647	-0.023348243	-0.000225461
0.015812075	-0.000693099	0.00080139
0.005724218	-0.01624923	0.002041007
-0.00259749	0.006233443	-0.002525254
0.003910742	-0.000829439	-0.003821632
-0.019978797	0.014507501	0.002133014
-0.009788265	-0.017678564	0.004542112
0.018013467	-0.010174045	0.005753387
-0.010056146	0.008044686	-0.000429168
0.006087811	-0.006723739	-0.000492529
-0.01945117	-0.034279492	-0.001591895
-0.029691589	0.011409679	-0.001807155
-0.009641763	-0.010384176	0.003865211
-0.005111769	0.000582854	0.002671138
-0.004021568	-0.00589171	-0.004235938
0.003815401	0.015941222	0.003851845
-0.000536581	-0.005020257	0.00330297
0.003148529	-0.003104061	0.000570728
-0.010410359	-0.001555658	0.000419497
-0.008155404	-0.004929315	-0.00533355
0.020978712	-0.004749563	-0.001550756
-0.006595525	0.000617316	-0.001124391
0.006395113	-0.001933349	0.001182653
-0.003641224	-0.004271414	0.002896953
-0.003618894	0.011005696	0.005932853
0.004213493	0.017351011	0.001730379
0.014609821	0.002058011	0.000156118
0.001603588	0.00709709	-0.003747721
-0.00324927	-0.004137	0.000246215
0.005807194	0.006083732	0.003711247
0.006604115	0.000527596	-0.004782914
0.002583901	0.005424496	0.002686893
0.013364765	-0.001311174	-0.001662888
0.003110543	0.018060682	-0.0052195
0.004494528	0.006005632	-0.004489624
0.000608553	-0.003086261	-0.002967804
0.017518876	-0.015411585	-0.00079014
-0.002671621	-0.018516912	0.00660356
-0.019582756	-0.017325228	-0.001404918
-0.000106514	-0.006875612	0.003606093
-0.01483694	0.003328271	-0.001505831
-0.001378381	-0.025881072	0.019368669
-0.004911417	0.008919687	0.002672593
0.012990995	-0.005406368	0.000454001
0.007411223	-0.024272315	0.003765307
0.00732056	0.000598121	-0.001651603
-0.022050355	-0.013385409	0.002034441
0.006299475	-0.002771727	0.000423593
-0.024870552	-0.025772323	0.002163995
-0.0062857	0.021096506	0.000324619
-0.001207719	0.000470863	0.005873854
-0.002812144	-0.009572308	0.000140716
0.011239532	0.019861316	-0.000663253
0.01409383	-0.002093601	-0.001572606
0.001964584	-0.004503664	0.00191648
0.013581986	0.005900432	0.000861446
0.001724313	-0.00449241	-0.000491889
0.00813435	0.02379001	-0.023591825
0.010229734	-0.007596427	0.002413641
0.005674024	0.001388699	0.013071516
0.016178105	-0.014897629	0.007756914
0.015308551	-0.006410468	0.002575062
0.00550234	-0.013321407	0.005302369
-0.026332008	-0.023804868	0.001482388
0.019683058	-0.003511655	0.002177736
0.016321887	-0.016606951	-0.002516058
-0.019922297	-0.007976741	0.000477802
-0.002305611	-0.001024329	0.004153324
0.000231212	-0.017504059	0.00213832
-0.007767228	-0.001136385	-0.000963162
0.0028079	0.015265961	-0.001544559
-0.024478938	-0.029227913	0.001091159
0.006818925	-0.01092664	0.0023564
-0.019600431	0.026012505	-0.0022577
0.000185006	0.009008238	-0.003753126
-0.000410611	0.006634071	0.006499084
-0.013908678	-0.024068653	-1.85054E-05
0.014400346	-0.019243389	-0.000736705
-0.000901597	0.003529762	0.003841461
-0.007748442	-0.005522275	0.001190034
-0.009784468	-0.009123504	-0.002016148
0.000186786	-0.019087552	0.001279165
0.004883321	-0.002262366	0.002512048
-0.002340923	0.005412712	0.003885568
0.00867717	-0.002807327	0.001957085
0.017797157	0.008200184	-0.006019378
0.005610213	-0.000990295	0.00655588
-0.010653111	0.022338191	-0.007028236
0.023816281	-0.001636692	0.001649279
0.005853456	0.014896124	0.000623322
-0.018755832	-0.024984694	0.001631314
0.019267155	-0.00425299	-0.007105511
-0.01658985	-0.019806597	0.007312368
-0.005569341	0.008564834	0.001724148
0.008649552	0.003231542	0.00214563
0.008074426	-0.003102541	0.004490173
0.007218465	0.001900017	0.003720341
0.004881117	0.002108675	0.003763
-0.013082937	0.002688893	-0.000791273
0.013848021	-0.006512368	0.000421335
-0.007804838	0.02174899	0.001602961
0.001588201	-0.01251926	0.002442043
-0.010724812	-0.012801809	0.002636446
0.014228278	-0.002840173	0.000725389
0.012208452	0.018691819	0.001049976
0.014507188	0.002698092	-6.84925E-05
-0.007794982	0.016669661	-0.002345376
0.014847547	-0.001503242	-0.000412219
0.015571699	-0.007594759	0.001016825
-0.013309815	-0.008186164	0.002007667
0.021512984	-0.012471416	-0.000154416
0.015226328	-0.026007554	-0.000136797
-0.000942591	0.008471522	0.003389091
0.007963005	-0.012975025	0.001789459
-0.01549886	0.012659014	-0.005262285
0.008996194	-0.000602764	-0.000493055
-0.019895441	0.022902973	-0.022773841
0.008659251	-0.004581972	0.000645038
-0.008745546	-0.031707326	0.014935462
0.006341024	-0.010376223	0.003194333
-0.006943743	-0.011844546	0.002462261
0.007514725	0.016223855	-0.017133677
0.027276925	-0.002063143	0.004495517
-0.015070273	-0.014377208	0.005666636
0.00241217	-0.007221481	0.010492939
0.005683877	0.013751848	-0.003402065
-0.018035764	-0.002858618	0.000442919
0.009601231	-0.006159628	0.00579246
-0.01926487	-0.009182761	0.000915184
-0.000882747	-0.000580154	-0.0013325
-0.00895344	-0.004676403	0.003240139
0.017132011	0.005468655	0.004657165
-0.008281244	0.005554777	0.00399604
0.019622852	0.019801893	-0.010866265
-0.002215849	0.009429014	0.003009782
0.000665442	-0.003421388	0.001331009
-0.014922634	-0.016121888	-0.002302256
0.009779106	-0.005652884	0.00822349
-0.003656041	0.004681104	0.002297889
0.0015786	0.018893579	0.001470669
0.004923082	0.005670415	0.001303003
-0.001488388	-0.001120068	0.002608456
-0.003835474	0.003040467	0.001195809
-0.007896225	-0.001537396	0.000780785
0.002013483	0.013110379	0.003497158
-0.00397965	0.004833656	0.001919372
-0.001986241	0.0025306	0.00162934
0.012824125	0.020419947	-0.002915153
-0.00979169	0.00234967	0.000909817
0.006574338	0.001111564	0.002859685
-0.001343731	-0.012636906	0.003242279
0.004167088	-0.004109037	0.001483078
-0.02351033	0.001594581	0.001496955
0.00072848	-0.004575451	0.000698601
-0.005451157	-0.003093932	0.000233148
0.014572985	-0.002184098	0.003970993
-0.018291061	-0.009678717	-0.001794324
0.004262213	0.004885605	-0.003524184
0.027709608	-0.00416854	0.002162206
0.005412834	-0.000743251	0.002526792
-0.007457677	-0.006337545	0.000725691
0.01623974	-0.003591663	0.002937666
0.004110296	0.004566876	-0.000782648
-0.002633227	0.003725642	-0.001667954
0.006859097	-0.006225588	0.002240882
-0.008157206	-0.007483646	0.001185555
0.004887244	3.70984E-06	0.001495135
0.011861527	-0.001570996	-0.005671586
0.012152096	-0.000699765	-0.000187296
0.004642198	-0.009529332	0.000320047
0.003721459	0.004096549	0.000349954
0.008964563	0.004192991	0.009844863
-0.008136747	0.016052355	-0.002752403
-0.003257509	0.004689979	0.002605714
-0.019721072	0.017311784	0.000942743
0.007732538	-0.005632452	0.002658341
0.012899816	0.000395268	0.006410878
0.00204057	0.028390075	-0.000277607
-0.003344318	0.003176763	-0.002267228
0.000324336	-0.008434259	0.001471184
-0.002255422	0.011691153	-0.003493735
-0.00489177	0.001787096	-0.004065069
0.011149058	-0.010563733	-0.00076084
0.009899155	-0.029170952	0.000132457
0.002700655	-0.002051047	-0.007291765
0.000440382	-0.010496881	0.006989843
0.01932146	0.001968646	0.002983796
0.004871039	-0.015431608	0.005433713
0.009159283	-0.007317193	0.006980978
0.011172584	0.007486827	0.000481594
0.014043903	-0.001153589	0.002332762
0.005880164	-0.018512949	-0.000180238
-0.003580992	0.001803631	-0.000115765
-0.017850364	0.009134973	-0.003242121
-0.011662567	0.016043544	-0.002813169
0.000556915	0.015835431	-0.000333986
-0.008493817	-0.006156954	-0.000711575
0.008399816	-0.007828958	0.00255523
-0.0044825	-0.027038194	0.002670847
0.013840083	-0.007215421	0.006143733
0.004841524	0.002155103	0.005088641
0.003597898	0.003998651	0.002967235
-0.014658902	0.001830886	-0.002622339
-0.004443209	-0.004650171	-0.000928682
0.013079581	-0.003349393	-0.001108686
0.01771276	-0.020969751	0.007627245
-0.013931139	0.011195154	0.000815425
0.000396538	0.007756965	-0.002229109
-0.008794445	0.015904358	0.002744088
-0.018166763	0.020988995	0.001811776
-0.00222665	0.005356824	-0.000735782
0.007221516	0.014944719	-0.002712014
-0.000763706	0.001344524	0.002430224
0.011714787	0.001890305	-0.004129499
-0.013610599	0.004356724	0.008260661
0.010915051	0.002538289	0.005738589
-0.002318161	0.007011089	0.000977399
-0.00418826	-0.004862883	0.001103652
0.001601553	0.004367956	-0.00093417
0.017580713	0.003621132	-0.00274077
0.012249478	-0.005901652	0.002362341
-0.014259284	0.017633338	0.000717219
0.000694923	0.008715037	-0.00081011
-0.00079177	1.77577E-05	-0.007982885
-0.000745397	0.005940702	-0.001276497
0.004408298	-0.003773271	-0.001104474
-0.004398069	-0.010406188	0.005684697
-0.012102404	0.013689635	0.002511136
0.008035786	0.003006193	0.0005315
0.010049588	0.007461105	-0.001315383
0.008475976	-0.008307061	-1.59284E-05
0.008420546	-0.002780312	0.003496421
-0.0036359	0.00802378	-0.013218631
0.007587804	-0.018803911	-0.004816301
0.009271612	-0.011599144	0.005585623
0.007779908	0.006265999	0.00117228
0.010832151	-0.002671904	-0.015509844
-0.013900278	0.044864733	-0.050204769
-0.002731126	-0.017779847	0.00916691
-0.008025596	-0.021852557	0.00484877
0.018967912	-0.0165858	-0.012342192
-0.01788392	-0.02176402	0.007126104
-0.015643392	0.009328055	0.007839857
0.007104157	-0.009578845	0.001628019
0.003718578	0.00485059	0.016193684
0.009319691	2.7674E-05	0.001500868
0.006814508	0.000470654	-0.001092183
0.001887649	0.005859248	-0.00385521
0.012450796	-0.018148717	0.001318706
0.009161164	0.004032637	0.004209152
-0.004599136	0.009112778	0.008342657
0.004067292	-0.001873685	0.003467676
-0.002988561	-0.000796338	-0.009951798
-0.001208312	-0.016802308	-0.004986293
-0.011702444	0.009201131	-0.008458149
0.002906674	-0.005936846	0.00778857
0.011713102	0.006048548	0.003295169
0.003097308	-0.003577484	0.001441407
-0.012723261	-0.012626575	0.002185279
-0.010856502	-0.009718515	0.004717401
0.01870861	0.003524904	0.008265653
-0.012461478	0.006766019	-0.003878651
-0.003789575	-0.003351623	-0.002360839
0.005450608	0.002371983	-0.003387994
0.013341718	-0.011805806	0.002226258
0.010958743	0.004406598	0.003396328
0.005589556	0.001332858	-0.011418969
0.009379166	0.011181019	0.001880479
-0.010036211	0.030671721	0.001312604
-0.010154279	0.01524177	-0.017013598
0.020566779	0.008718982	-0.005726275
-0.011644935	-0.002714419	0.009783385
0.002995232	-0.002658647	-0.003859064
0.001848386	-0.012976048	-0.001688077
-0.005472924	0.005364095	0.008157162
-0.016296968	-0.002581698	-0.003096814
0.002004447	-0.006797506	0.002742423
-0.013245468	0.012864878	0.003691069
-0.009220429	-0.005805341	-0.00789787
0.020123974	0.00276421	-0.001697238
0.001280699	0.026414894	0.003501164
0.003063695	0.015842593	0.000764493
0.00393716	-0.006436062	0.005640501
-0.004815609	0.006269757	0.004205683
-0.01691268	-0.003559644	0.003546884
0.001543886	-0.002517427	0.005645391
0.008068585	0.021766091	-0.000791295
-0.005777805	0.005037571	-0.00130655
0.005590661	-0.001062364	-0.003504381
-0.001757676	0.000872045	0.001908499
-0.009424339	0.002171954	-0.00597921
-0.000728475	0.005706822	0.000188097
-0.005280515	0.001611945	0.006021512
0.009440882	-0.01485339	0.003942568
0.00133151	0.007600158	-0.001603481
-0.015194826	-0.006566323	0.001850456
0.006832539	0.004250293	-0.00159425
0.019805122	-0.012938163	0.000337365
0.013183267	0.001051851	0.004918108
0.011197974	0.002895551	0.000742696
-0.030148793	0.005981358	0.000525672
0.016164212	0.007339887	0.006208128
-0.003284341	0.005124989	0.001812068
-0.001606747	-0.010733659	0.003466484
-0.003708	0.008692222	-0.000607847
-0.000112623	0.012889426	-0.007438211
-0.001467242	-0.001158248	0.005284136
-0.017507838	0.016862477	0.000785094
0.00224808	-0.005595781	0.000549323
0.003328171	0.00818349	0.002126179
0.012652097	-0.014688153	-3.93509E-05
0.008861515	-0.019309694	0.003638341
-0.000884923	-0.016066152	0.001067685
-0.016846906	-0.020836522	-0.002796223
-0.020128126	0.018754873	-0.015889081
-0.001109351	0.015545747	0.007242255
-0.011623196	-0.004457265	-0.001254591
-0.011634786	-0.01441753	0.008867691
-0.001425043	-0.019892206	0.004605476
0.01875421	-0.009360568	0.002593593
-0.016179371	-0.000301316	0.004802619
0.001323494	0.018518344	-0.001616355
0.003304793	-0.006871054	0.000221776
-0.000953511	0.006693542	-0.000273048
0.00335644	-0.000184372	0.000606941
0.004102093	0.00192673	-0.002414362
0.016052501	-0.018010728	0.004510589
-0.003382489	-0.026273649	0.001678032
-0.00033198	0.014193273	-0.000991497
-0.013671099	0.006249602	-0.004677587
-0.00266992	0.01222323	0.002850187
0.003344158	-0.008456829	-0.007907349
0.01781543	0.020358778	0.003646363
-0.000526052	0.005792302	-0.014028466
0.019069146	0.009355073	0.00444259
0.003527312	0.031677625	-0.007026041
0.01132468	-0.007015573	0.003379475
0.004117088	0.001605901	0.003287955
0.002707515	-0.016747815	0.002379979
-0.008195232	0.009567311	-0.001791044
-0.008499815	-0.009837157	0.004836556
0.004628013	0.000737433	0.007855563
-0.009407198	0.010755262	0.004364247
0.002670033	0.004250383	0.001105087
-0.035058026	-0.013079356	-0.004200966
0.010637286	-0.008784716	0.005238119
0.004607869	0.001010497	0.002996188
-0.027410796	-0.012125695	-0.00250736
0.009104504	-0.012052124	0.004288602
0.012278173	-0.004246582	0.000715037
0.006562373	0.003928681	-0.00328461
0.001466317	-0.001492869	0.000319593
-0.021054879	-0.003054523	0.001739756
-0.00263528	0.0074637	0.00174171
0.002370415	0.008443418	0.001316494
0.005306119	-0.000613939	0.001464392
-0.003245834	-0.003222546	-0.003813732
0.00397412	0.019433363	-0.005555093
-0.01703868	-0.008990189	0.006698937
-0.004612181	-0.011669263	-0.00056828
0.020973326	-0.008961906	0.005281796
0.008404597	-0.016931274	0.003934416
0.005039364	0.00066134	0.003021356
0.005339673	-0.002513858	0.002898131
-0.018865873	-0.013495783	0.001448212
0.003177077	-0.003294497	-0.001544338
0.006099777	0.015230036	-0.009306825
0.003628057	-0.001542267	-0.00762846
-0.008345109	-0.001699214	0.006432581
0.009829996	-0.033268215	-0.005159188
0.002016255	-0.000872804	0.005351082
0.005806276	-0.005537953	0.004805099
-0.002255387	0.003816175	0.001654403
-0.003022912	0.01060998	-0.001187533
0.012165993	0.009350518	0.003531668
0.005081161	-0.004802138	1.7186E-05
0.005555831	0.003890085	0.002769998
-0.004171333	0.006876586	-7.55945E-05
-0.002270894	-0.001239681	-0.001169165
0.006680342	0.005386947	0.001762177
0.005808409	0.009038287	-0.005636673
0.002381663	-0.011970664	0.003266233
0.015469998	-0.012011921	-0.000722885
-0.013349422	-5.44953E-05	-0.003120592
0.004246817	-0.01433489	-0.003153256
0.003857046	-0.002493987	-0.000918845
-0.000307839	-0.005154194	0.003387343
0.013421987	0.005469448	0.005001237
0.006678144	0.008190661	0.001223496
-0.024296547	-0.005391377	0.004428589
0.002772704	8.96493E-06	0.002466921
-0.004046148	0.009949697	-0.007213117
0.001156767	0.007818832	0.004187244
0.009344422	0.001220371	0.006249509
-0.000800701	-0.006417953	0.000839725
-0.003278159	0.002627521	0.00136142
0.001123755	0.020458994	-0.002022567
-0.00350369	0.008927124	-0.000696607
-0.002526229	-0.005230507	-0.001859393
0.001634436	0.003239942	0.002798116
0.010359302	0.002526866	0.002284444
0.015035155	0.011628684	0.00140818
0.005258929	-0.007048184	0.000457519
0.005242945	0.00759674	0.003025269
-0.020976533	0.006598724	-0.012070673
0.001244361	0.002062648	-0.003172338
0.003985161	-0.001608446	-0.003589408
-0.001632065	0.011336715	-0.00111284
-0.001269212	0.000384131	-0.02319617
-0.004034976	-0.019349622	-0.007485484
0.000931769	-0.00480419	0.009084068
0.003821303	0.001782987	0.00041856
-0.000558403	-0.009229141	0.011880034
-0.013632094	-0.017188791	0.001693985
-0.005752858	0.000378479	-0.008931189
0.012263192	-0.003708013	-0.000293664
0.011215865	-0.010679253	0.000617457
-0.01132152	-0.02548788	-0.003496099
0.037232597	-0.019031682	-0.013110321
0.000340672	0.005692844	0.001109372
0.011773604	-0.006949854	-0.000237604
0.016845647	-0.022943806	-0.001904255
-0.028393597	0.011966705	0.002945561
-0.01779447	-0.001293291	0.005880738
-0.032504049	0.001159729	0.006120546
0.00888663	-0.016990605	-0.00023662
-0.020441405	0.020949306	-0.001614709
-0.015549732	0.001823684	-0.000133194
-0.017797815	-0.002952583	0.01237406
0.005595259	-0.020897404	-0.000348647
-0.002960691	-0.002963465	-0.002325354
0.013215946	-0.007265153	-0.01060042
-0.052092601	-0.021462324	0.000368376
0.012495248	0.002157195	-0.003964774
-0.009029453	0.009896671	0.00337607
-0.004390949	-0.001856423	0.006247372
0.0067461	0.008513486	-0.006127103
-0.033458444	-0.024316605	-0.00778964
0.009484773	0.009182539	0.004033671
-0.049498479	-0.028318351	-0.002119436
0.022239417	-0.006454684	0.007851488
0.007281214	-0.008714609	8.11301E-05
-0.032301787	0.006326246	0.001712954
0.010388057	0.012704813	-0.000958973
-5.17312E-05	-0.012615539	0.002346859
0.002324489	0.03082047	0.006196198
0.026803643	-0.006527918	-0.014271955
-0.007666951	-0.023155246	-0.002653732
0.015147389	0.012434865	-0.006339468
-0.011956408	-0.019772286	0.000767659
0.016339235	-0.00613548	0.002218764
-0.016653188	0.006610694	0.000740101
0.031227401	-0.005233491	0.002225642
0.000257093	-0.023307839	-0.003029352
-0.006846889	-0.009596828	-0.00854037
-0.05282829	-0.01775761	-0.003828586
0.042802648	-0.008823175	-0.000843594
-0.020681738	-0.014025787	-0.007265571
0.004651688	-0.006126853	-0.005040931
-0.041280299	-0.015228023	-0.012733624
0.041709542	0.032718429	0.008878905
-0.046827867	0.010182657	0.000770846
0.019434602	-0.006765157	0.002800476
-0.000417879	-0.003388064	0.006434066
0.012573687	0.006349049	0.005705859
0.00745796	0.009855759	-0.005855924
-0.012137293	0.020376015	0.010156445
-0.005385932	0.016106329	0.000402271
0.020233682	0.003260872	0.00258597
0.029426434	0.01925469	0.001523972
-0.003055689	0.005732713	0.001489649
-0.009316688	-0.014180675	0.004416456
-0.021576322	0.002687872	-0.002726645
0.021847252	0.007680498	0.001291629
0.005591326	6.40753E-05	-0.001464919
-0.00868929	0.00075652	0.003169495
0.019840122	0.010600817	0.001140633
0.005174915	-0.014548689	-0.009870164
0.009914154	-0.014710678	0.003097288
0.002153026	0.005066687	0.002184155
-0.002351034	0.007529012	0.005250422
-0.0234815	-0.003637859	-0.004689101
0.021185859	0.004864102	-0.001306041
0.003194656	0.00799921	0.004907157
-0.005092487	-0.007282027	0.004448936
0.025962932	-0.00052683	0.002122901
-0.01819804	0.004288189	0.001957518
-0.00998113	-0.007360214	0.000994208
0.018828085	-0.013622424	0.001070896
0.000917306	-0.022208543	-0.003677454
0.015853706	-0.016612451	0.002455418
-0.015797795	0.010572177	-0.000630638
0.000494391	0.010167719	0.002326309
-3.68958E-05	0.016131891	-0.000507373
0.002639466	0.008279112	-0.002119254
0.00316244	0.012946727	0.005377621
0.005840118	0.001716912	0.000803776
0.00835237	-2.18379E-06	0.004148876
0.022309157	-0.015780006	-0.001294451
0.00435893	-0.003902918	0.004578284
-0.035501657	0.00857588	-0.005275475
0.006342208	-0.003985734	-0.001462739
0.021500921	0.001046202	0.002158563
0.014622192	-0.010561738	0.000114191
-0.034219318	0.003498533	0.005763426
0.010499368	0.00724463	-0.003957989
0.006521476	-0.006589514	-0.000458693
0.01012982	-0.011834172	-0.00393145
0.011854557	-0.001184761	-0.00345463
0.017425273	-0.029977961	0.001976175
0.007300497	-0.002704468	0.007557358
-0.009194601	0.007148847	0.003445334
0.012929529	0.008729293	0.002351314
0.00164713	0.003608471	0.000191221
-0.00093995	-0.004044687	0.003455714
-0.005114073	0.014909533	-0.000319924
0.001702578	-0.00147255	-0.00174684
-0.00234027	0.019398379	-0.0013282
-0.007671932	0.005581806	0.001591912
0.00624302	-0.009873498	-0.011601217
0.001906945	-0.005313437	-0.000141708
0.004173851	0.006005499	0.006938034
-0.004809356	-0.002176079	-0.001201061
-0.005970456	0.000506594	0.003280639
0.015792349	-0.006276778	0.003844682
0.013503409	0.007786278	0.002155932
0.023586784	-0.009904593	0.000796826
0.010761622	-0.010917822	-0.001282304
-0.004425559	-0.001930036	0.001063304
-0.005479351	0.016611318	0.004186666
0.006197176	0.013262845	-0.000946784
-0.000489481	-0.000558092	-0.004720624
0.00480185	0.00138096	0.004547407
-0.005648557	-0.011779092	0.002153038
-0.032875697	0.032545001	0.005812736
-0.000716375	-0.005910532	-0.000584286
0.005517554	0.003078749	0.001266791
-0.007902041	0.004382043	-0.001477669
0.004308889	-0.00425947	0.003077049
0.006278747	0.017445845	-0.000887618
0.00653846	0.002706839	0.001226001
0.003549645	-0.005193939	-0.003653531
0.001738376	-0.010716783	-0.000322567
-0.01544083	-0.017097683	0.003001157
0.005140875	-0.001014928	-0.001132639
0.013778123	-0.007699296	0.000350047
0.013093097	-0.010439293	-0.007196774
-0.003545281	-0.02638972	0.001427616
-0.005112877	-0.000335724	0.00770776
-0.00123048	0.017099272	-0.010563739
-0.011092053	0.012087895	-0.014880469
-0.00060928	0.013565383	-0.001479374
-0.002403888	-0.004964652	0.000757212
0.002502974	-0.013776595	0.011111822
-0.002042281	0.007308927	-0.014859436
0.003401841	0.001829222	0.006947378
0.003817334	-0.005807431	0.006498962
0.007581697	0.000266316	0.005240761
0.008235162	-0.008341574	-0.002116164
0.00328176	0.002684298	-0.00136762
-0.011803724	0.004930747	0.005606553
-0.00540135	-0.022306221	0.001548653
-0.022944143	-0.027458781	-0.008363669
0.018861767	-0.010168635	0.003646356
0.010417587	0.00630317	-0.005878706
-0.007317375	0.002400311	-0.00184543
-0.024190294	-0.016059393	0.00203949
-0.045946401	-0.005426728	-0.004811241
-0.006467967	0.002546375	-0.000937322
-0.001652761	-0.000270422	0.006595652
-0.009872488	-0.028233337	0.003966344
0.009561506	0.006562493	0.001091422
0.020279873	0.00768879	-0.001210589
-0.013582156	-0.000533217	0.001480496
-0.004999713	0.005662713	8.46635E-05
-0.022428024	-0.019071365	0.000498318
0.014762743	0.007179197	0.0005785
0.014798515	-0.012881376	0.002450924
-0.02040652	0.008841374	0.000129916
0.021441158	0.013986959	0.001083277
-0.000925659	-0.005557721	0.003892705
0.029975341	0.027093595	-0.001218688
0.004200993	0.00585412	-0.00254875
0.014204605	-0.007381369	0.000627202
0.005132168	-0.001976839	-0.003846056
0.006032293	0.020085333	0.000136865
0.008823609	-0.009531604	0.001717077
-0.019319304	-0.000497076	0.003376725
0.01056725	-0.005016387	0.004988076
-0.02152585	-0.033071522	0.00609462
0.023563105	-0.006982461	0.002755519
-0.003819513	0.009190726	-0.002763196
0.005834379	4.66113E-05	-0.002933437
0.004188677	-0.000653164	-0.000424015
0.029309842	0.008917831	0.005338224
-0.002321702	-0.003027129	0.001375316
-0.000755447	-0.002244451	0.003331627
0.003995592	-0.01366598	-0.00066476
-0.020683404	-0.011947433	-0.000415945
-0.002674392	-0.006817514	-0.004811495
-0.018439029	-0.010342963	0.002075758
-0.004914708	0.014651941	-0.003621006
0.009359326	-0.005413519	0.004269992
0.007785777	-0.001889744	0.005247622
-0.01349359	-0.005296382	0.003725443
0.018556179	-0.013133442	-0.002569668
0.013694238	-0.013988806	0.003317061
0.017918181	-0.004209836	-0.002586331
-0.003956326	0.02892367	-0.004978844
-0.000346693	0.018523731	-0.009268292
-0.050087417	-0.024880208	-0.007109671
0.047135399	-0.017276683	0.000413471
-0.004904211	0.006424422	-0.021294098
-0.003851978	-0.025058292	0.010605237
-0.043161855	-0.008565466	0.002778532
0.01087062	0.007622814	0.009143845
0.039521919	-0.000627815	-0.003132547
0.011904548	0.007360929	-0.010475822
0.038914923	-0.009540216	0.010827223
-0.006061991	-0.012849091	-0.014024694
-0.003589735	-0.012902691	0.001355819
-0.002067309	0.000623872	0.008584362
0.001356245	0.01628919	0.006330477
0.004135856	-0.002558809	-0.001755189
-0.012638859	-0.005263707	0.006434961
-0.000171652	-0.002989912	-0.002803207
0.003424073	-0.013019607	-0.011288171
-0.005967874	-0.0045037	0.00079888
0.028498005	-0.00177658	-0.00326048
-0.005297472	0.017683819	0.002654256
0.001970079	0.008082849	0.005119161
-0.029976373	0.005397024	-0.003444758
-0.012472285	-0.00572976	-0.002599442
0.028573758	0.006309649	0.00772271
-0.009809025	0.00623099	0.004646983
0.008325136	-0.009209872	0.005680908
-0.003336569	0.026565299	-0.000452693
-0.019081672	0.010926775	0.000504017
-0.033109409	0.001606128	0.002818595
0.004706078	-0.018154566	0.002248949
-0.011609411	0.004342761	0.002714981
0.061278701	0.076493537	-0.003579567
-0.032072435	-0.027633456	0.001053951
-0.004909017	-0.015804648	0.002615168
0.009891922	-0.007430675	0.000119844
-0.006036355	0.009466412	-0.005150044
0.00733492	-0.003265203	0.001595048
-0.008834447	-0.006193365	-0.008176692
-0.00328361	-0.013815739	0.003695268
0.015099919	-0.015816584	6.18524E-06
-0.008475211	0.003985298	-0.004254678
-0.023816192	-0.01265455	0.003489708
0.011961444	-0.012759574	-0.008133824
-0.000989729	-0.010487784	-0.007200513
-0.007758899	0.001005337	0.003892875
0.011619946	-0.011929244	0.007540538
0.001248381	0.000562534	-0.002379905
0.011019177	-0.004428305	-0.008299788
-0.000995692	-0.003776902	0.004582534
0.009068772	0.004780347	0.004047186
0.006473232	0.008043627	0.008005784
-0.012653561	-0.013274044	0.00508391
-0.013310993	-0.006522044	0.005376763
0.018177547	-0.007624056	0.000167951
0.01132451	-0.000447314	-8.43857E-05
0.010146485	-0.011411006	-0.00170119
-0.020818357	0.012754821	0.001358351
0.003877911	0.015675272	-0.001588074
0.019373409	0.005732627	0.002233405
0.004414751	-0.001351979	0.001925658
0.00600447	-0.003912979	0.005697538
-0.005393098	-0.007664946	-0.001328137
-0.015836209	0.011945774	-5.29293E-05
0.014045167	-0.02934268	0.004826213
-0.0144097	0.002387181	-0.003524205
0.0151279	0.016608759	0.004821883
-0.021972366	0.029581864	-0.001762046
0.006314358	0.006747796	-0.000945051
0.003892066	-0.022703935	0.002800266
-0.00632505	0.019698115	0.000191839
0.002005765	-0.004028342	0.003945486
0.00095459	-0.004959415	-0.002302133
0.002189687	-0.00348315	0.000414343
0.019112387	-0.01194565	-0.001029059
0.000317151	-0.006101402	0.000174138
0.008492267	0.002473	0.00559862
0.004297647	-0.015185917	-0.001115006
-0.022320048	-0.007967132	-0.001540558
0.021810637	0.006941465	0.00079793
0.018123375	0.007284182	-0.001147139
-0.010702631	-0.006583323	0.004362539
-0.001509474	0.002457004	0.003378859
0.022926397	-0.018558792	0.002687401
-0.010909847	0.006544183	-0.000274715
-0.038323753	-0.009171811	-0.003933739
0.011704221	0.01257121	-0.010407581
0.015810053	-0.008832992	-0.004833054
0.01897994	0.016776538	0.004644224
0.004628414	-0.006482334	0.001853921
-0.011375018	0.019769045	0.004548933
-0.008843823	0.014772082	-0.008978592
0.003782879	-0.000311624	0.000255667
-0.00961891	-0.001798917	0.003097888
-0.012239995	0.014064017	0.005142279
0.021526886	-0.013141734	0.007072145
-0.010480751	0.009556406	0.003588349
0.000395903	0.011589392	7.99696E-05
-0.009024176	0.009597939	-0.000902387
0.000522805	0.003997682	0.000888032
-0.016676464	0.000788413	0.000570285
-0.012922303	0.014492827	8.78517E-05
0.007347523	0.002135726	0.000245577
0.007211129	0.000956824	0.000654193
0.002084366	0.001968224	-0.003239648
-0.002761879	0.007387887	-0.006089781
-0.015446925	-1.32771E-05	0.004495359
0.00701368	-0.011175869	0.007119798
0.015992264	0.020635495	-0.00640812
-0.012176352	0.01498523	0.000687074
-0.012556194	0.003389345	0.000723947
-0.033014542	-0.019060084	0.0020519
-0.001484831	-0.003922603	0.005071017
0.001264913	-0.009685586	0.00082121
-0.010015832	-0.007373207	0.001842472
-3.02534E-06	0.002745571	0.000351835
-0.002559267	-0.005117208	0.000441302
0.009720284	0.001023059	0.001115523
0.008385798	-0.00934461	0.00181271
0.01155571	-0.01187098	-0.003104707
-0.015484167	-0.012645046	-1.22995E-05
-0.009112254	-0.011515806	0.000159249
-0.017589312	-0.001258189	-0.006834631
0.002336422	-0.006780517	-0.014554428
0.006579797	-0.006338902	0.006132135
0.010972132	-0.013191973	0.00016242
-0.016453671	-0.00964267	0.003755389
0.005603451	-0.00416905	-0.012020585
-0.014240421	-0.015279451	0.002056397
-0.012467677	-0.004488421	0.007363698
-0.0069695	0.024815436	0.004394854
0.011578626	-0.008652285	0.001384855
0.005207275	-0.015045188	-0.001766111
-0.002595475	-0.014650003	0.001895829
-0.001054757	0.009044879	-0.000186181
0.01708166	0.000722856	0.006610951
0.007486198	-0.001648474	-0.000986643
0.021750375	-0.01150523	0.002449774
0.003060186	0.000931716	-0.004565461
-0.000243755	0.021008912	0.001924415
0.00922167	0.00260653	-0.004563569
0.002770019	-0.003768469	-0.006079248
-0.001303207	-0.010434583	-0.024809864
0.002305507	-0.023044148	-0.009173074
0.008356125	-0.031510988	-0.000699107
-0.005467	-0.004413223	-0.023189235
-0.056844245	0.01033469	-0.004461035
0.037739005	-0.00469592	0.010072672
0.016843421	-0.00170672	-0.006436381
-0.009281285	-0.006165716	0.007385862
-0.001920524	-0.003171237	-0.01404655
-0.031786018	-0.066309868	-0.005914647
0.004365648	-0.26279537	-0.018469929
0.056117656	0.036538029	0.005913471
0.016925942	-0.046832501	-0.009440854
0.060801213	-0.080007321	-0.023939639
-0.06522731	0.056272797	0.013011313
0.011173108	-0.089299557	-0.02374523
-0.029934124	-0.030708487	0.00133178
-0.183133937	-0.085838287	-0.002618521
0.169278285	0.047588462	0.001367992
-0.155877427	0.017080884	0.003444008
0.154101314	-0.038151099	0.002667157
-0.096321006	0.126010278	-0.001823692
0.007974486	0.032404356	-0.00439295
-0.072259352	0.01669182	0.000702251
0.037608168	-0.053171132	-0.006459161
-0.038326088	-0.011063818	0.006328826
-0.033863837	0.048408404	0.002739814
-0.01633084	-0.010001714	-0.005587254
0.092662133	0.069100572	0.005064538
0.084881243	0.007772082	0.004114227
-0.052327633	0.021139961	0.000961981
-0.061219602	0.020651889	-0.003414149
0.01085483	0.03643969	0.003004904
-0.053372623	0.006234291	0.001359869
-0.029629062	-0.025970892	0.005073377
-0.006283939	-0.038812657	-0.0058126
0.014081244	-0.033293639	-0.000567191
-0.089012988	0.067338416	0.001895446
-0.194957017	0.001808233	-0.009921912
-0.552847664	-0.011345151	-0.004396053
0.542957812	0.035038222	0.003238916
0.001958146	0.033829058	-0.000179359
-0.004811366	-0.013203774	0.007700936
-0.170352969	0.005865549	0.004349642
-0.04327923	0.01756301	-0.001191233
0.008804728	0.070487067	0.003544211
0.124823045	0.014972363	-0.006329394
0.071737621	-0.04486992	-0.006930475
0.009121176	0.01214713	0.000476504
0.146858803	0.000747775	0.003277767
-0.020852455	-0.010829442	-0.001712109
-0.046505294	0.011093483	0.004091114
0.025791056	0.019901559	0.006868501
-0.024394669	-0.018892578	0.000744246
0.047405617	0.013429094	-0.012196453
0.009080377	-0.028026073	-0.006050799
0.088300823	-0.009625942	0.003522227
0.045396505	0.011018703	0.000743206
0.007307154	0.057800684	0.004562311
0.012907566	-9.09563E-05	-0.003069638
0.035356452	0.020263864	0.004488823
0.0169205	-0.001405244	-0.00379866
-0.007611406	-0.014657578	0.001971184
0.011402072	0.02156693	-0.000227113
-0.050428079	0.004951191	0.000175024
0.040606569	-0.013059266	-0.002876709
0.072282815	-0.022856065	0.001514163
-0.030934059	0.031755286	-0.00221729
0.003572123	0.028949071	0.002348502
-0.007265069	0.019056412	0.002408493
0.004232611	-1.63754E-05	-0.000763835
-0.006917033	0.057948419	0.002645068
-0.081107478	0.049659757	-0.003580787
0.049114862	-0.025240707	-0.005056742
0.058147592	-0.041388408	-0.001050729
-0.026370532	-0.031965917	-0.025799592
-0.008451054	0.00216616	0.004642857
0.036020551	-0.013439855	0.00230563
0.003528501	0.028031341	0.000514411
0.011813045	-0.022688766	-0.000573792
0.017958777	0.003791524	-4.68623E-06
0.024650863	0.000182066	-0.005055409
0.02302016	-0.005655739	0.004980104
-0.011142734	0.00545312	0.00027355
-0.016506116	-0.036238256	-0.005707223
0.009673069	0.00676341	0.001717547
0.018928605	-0.020039523	-0.005593593
0.025176357	0.000170944	0.004224062
-0.024384431	0.010325364	0.002182743
0.024876278	-0.013486902	0.003246262
0.001140354	0.018048776	0.001634627
-0.001797102	0.002224898	-0.001164082
0.021265891	-0.017894968	-0.004107752
0.013825352	-0.007425086	0.001918843
0.000652097	-0.027379274	-0.003199627
0.009559165	0.010073104	0.003448542
-0.012527393	0.012642391	-0.010968583
-0.016531666	0.018410425	0.003809397
0.008066379	0.009256242	0.003422479
-0.008374725	-0.002052713	-0.000990152
0.010781813	-0.019942064	0.0047528
0.008439327	-0.007167447	0.002891221
-0.026944032	0.052354661	-0.00126653
0.007618161	-0.005502331	0.000742676
-0.015923448	0.00087923	-0.004896383
0.010453267	-0.004285247	-0.000361084
0.016292279	-0.010059816	0.002175994
0.002155893	-0.012539153	-0.002134958
-0.006423419	0.009953567	0.002748549
-0.009181546	-0.02061823	-0.001995517
0.011765815	-0.003719532	0.000121068
0.018174411	-8.68491E-05	-1.18377E-05
-0.009056107	0.022574129	0.000901839
-0.012972102	0.02357855	0.001724749
-0.006410124	0.000291738	0.000682947
-0.01984577	0.001946517	0.000931466
-0.00588326	0.02218301	-4.31167E-05
-0.006636031	0.005102143	-0.0056056
0.014634235	0.006874912	0.003957921
-3.49053E-05	-0.010402219	0.000375029
-0.014570723	0.009697071	-7.74368E-05
0.03014735	-0.011751013	0.001726008
0.005091948	-0.005619667	-0.000631165
0.006625293	-0.003528597	-0.003328634
0.018735009	-0.024367002	-0.001117713
0.005726687	-0.010457328	4.89844E-05
-0.00988931	0.01701412	0.000122445
0.011817764	0.00417983	0.000634806
0.016161867	-0.01146218	-0.003783727
-0.013784229	0.008955585	-0.003907044
-0.004834918	0.001080954	0.00329207
-0.00594721	0.005999756	-0.009102382
0.009282002	-0.004520719	-0.000574256
-0.009043776	-0.018193582	-0.001729697
-0.000810003	0.013455413	-0.015756576
-0.036506134	-0.005374361	0.003522306
-0.036605262	-0.037925543	-0.002051727
0.027695337	-6.31572E-06	0.004588913
0.011837344	-0.02917774	-0.002378923
0.00317804	-0.008895783	0.005452174
-0.011935288	0.007307914	0.002234074
0.028297021	-0.002511339	0.000230764
0.019191522	0.029590715	-0.001661058
0.018299625	0.003282136	-0.001735464
0.008838861	-0.007213388	0.000797595
-0.012442294	-0.026418983	-0.005172549
0.011305788	-0.005833712	0.001082019
0.0412208	-0.026195273	-0.004528055
0.011772339	-0.001949965	-0.000911424
0.00257347	-0.008464942	0.004164996
-0.004955389	0.013646373	0.000156457
-0.01316996	-0.018624581	-0.00078325
0.027650458	-0.00400318	-0.000904826
-0.020098767	-0.015172303	-0.001471865
-0.047314996	0.006488824	-0.002926713
0.023454102	0.03443844	-0.001657008
0.037656252	0.002114153	-0.004207787
-0.030236103	0.010922868	0.002062931
0.01133164	0.015586373	0.003439275
-0.009672763	-0.006951864	0.003028884
-0.033528354	0.004744139	-0.000483747
0.027288326	-0.005272399	-0.003067466
0.019792227	0.002604927	-0.00162163
-0.009269755	0.008944617	-0.002096757
0.013556717	-0.014636839	-0.001833917
0.009198865	-0.005853165	-0.004805909
0.013804294	0.003154847	-0.001492424
-0.017513447	-0.017044162	0.000656057
-0.008433172	0.02341663	0.000524545
-0.032180319	0.012080545	0.000614635
-0.002720658	-0.018045672	-0.011118963
0.033509485	-0.00514279	-0.003479682
-0.018780049	-0.023350959	-0.013302695
-0.036711953	0.001936771	0.00217092
-0.006638778	-0.001537933	-0.001732536
0.006064233	0.021824769	0.000205031
0.014484897	0.005417261	0.001649827
0.032015892	-0.004616525	0.010818556
-0.007493665	-0.006126835	0.004457799
-0.024346121	-0.024242172	0.006284335
-0.017741569	0.100234196	-0.002306302
-0.01732831	0.041188288	0.001660912
-0.007832039	0.00632477	0.003185725
0.01748743	-0.020250683	-0.005174251
-0.041082579	0.011375908	0.005014059
-0.010681422	0.037441559	0.001788832
-0.013005701	0.015892226	-0.000963909
0.006729069	0.005429302	-0.003552054
-0.006683184	0.002786307	0.00127502
0.012698887	0.001557637	-0.001922402
-0.030955594	0.048741958	0.002284322
0.002654399	0.036020347	0.002738571
0.022572374	-0.006055374	0.001062007
0.009168209	-0.013928356	0.001050377
0.054986023	-0.060695246	0.000668117
-0.014669737	-0.001826102	-0.000791826
-0.001085143	0.018348411	-0.001514911
-0.004474804	0.012857302	-0.000709545
-0.035107172	0.047609792	0.001162054
0.006862287	-0.015335817	-0.001703023
-0.002394555	-0.002362169	0.001486966
-0.005838259	0.008947169	-0.004857163
-0.005827436	0.034003887	-0.001416114
0.000531683	-0.002341737	-0.002671866
0.024329928	-0.011441915	-0.00436826
0.004110124	0.005075579	0.004087429
0.01341962	-0.009834838	0.001009087
0.008279248	0.00155587	0.001352071
0.023739044	-0.010255998	0.000835056
-0.007959771	-0.008093137	-0.010077578
0.00332367	-0.021485457	0.001132047
-0.007670896	0.0282338	0.002079573
0.009285252	-0.011820806	0.004813224
-0.004077926	-0.00754703	-0.000443438
0.006413252	0.00558231	-0.004279957
-0.012379506	0.019681298	0.000148574
0.012522832	-0.009532054	-0.000313952
-0.030415843	0.023644955	-0.011281268
0.002960098	0.040561554	0.002512865
-0.013540963	0.026725712	0.000320918
-0.017724275	0.014491798	0.006777184
0.028793989	-0.0043375	0.002501413
-0.009473535	0.016844274	-0.007179406
-0.013482183	0.030841502	0.001028081
-0.001367689	-0.006707041	0.002801649
-0.008213045	0.023660635	-0.003062369
0.007222457	-0.026289157	-0.003567235
0.003188152	0.005228313	0.002209821
0.008006882	-0.006284335	0.004486899
0.024743769	-0.030439603	0.000806768
-0.005479226	-0.008900522	-0.001964211
0.013567022	-0.000317131	-0.004094764
0.015978232	-0.01859081	-0.000239406
-0.000531285	0.03563829	-0.0311165
-0.003396506	-0.015833237	0.009893675
0.01973811	-0.016886549	-0.005919048
0.015042806	0.00600256	0.004358844
0.017350254	-0.005379712	0.010244366
-0.019139805	0.028656135	0.007187035
0.00535127	0.000746733	0.003399426
0.004017899	0.004517798	0.002637603
-0.017647637	0.038556063	-0.001174965
0.015500619	-0.006742509	-0.001521689
-0.008856579	0.015802707	-0.0014676
0.002730057	-0.011853076	0.001754294
0.005373767	0.011902436	0.003827372
-0.017966566	0.034181935	-0.00449583
0.013937414	0.00461604	-0.00073708
0.015268504	-0.02239935	-0.003223425
-0.030064019	0.008194292	0.00066516
0.012979419	0.031587501	-0.004217532
-0.027834131	0.023251016	0.0001975
0.000809056	0.019722854	0.0047045
0.009910399	0.012875985	-0.019300403
-0.004528867	-0.02740122	-5.33543E-05
-0.02553525	0.001427264	0.010790896
-0.012045849	-0.00047185	-0.001650385
0.000597372	0.031831179	-0.007068777
0.008715017	0.037247009	-0.005546006
0.007234555	0.020012615	0.00826683
-0.009084605	-0.004081758	-0.001965757
-0.002908892	-0.014694476	0.003020423
-0.006598905	0.009504329	0.003791899
0.009628099	0.012821978	0.001780521
-0.000887733	-0.008054246	0.003472503
0.00015114	-0.00529862	0.002095906
0.015367076	-0.025013353	0.000743686
-0.007520588	0.002240286	0.001727901
-0.034829008	-0.031144363	-0.007361265
0.017155642	0.004504022	0.001057362
0.014557483	-0.019084118	0.006477855
-0.046447106	-0.012673042	-0.004249466
0.037727189	0.022409981	-0.003286483
-0.042942418	-0.00415351	0.003825166
0.017604271	0.01913212	0.003258901
0.01921284	-0.003983416	-0.005922474
-0.009180968	-0.009621739	0.002912456
-0.018895167	-0.004910136	0.000754341
0.013668598	0.017321397	0.007138277
-0.016939664	-0.028137682	-0.001535619
0.009498081	0.003055637	-0.000863623
0.00663048	-0.002639469	0.003392811
0.006755878	-0.010866976	0.00109703
0.00552718	-0.011382875	0.001149013
0.014973437	-0.00760788	-0.000648488
0.010200082	-0.003059778	0.001027088
0.015164249	0.034228699	-0.001108824
0.011813354	-0.008832311	0.001595624
0.007184625	-0.013715408	0.00147947
0.004957241	0.002544947	-0.003711313
0.015109913	-0.02199765	-0.005166334
-0.026591245	0.000277353	0.003721355
0.002053976	0.003058902	-0.003971046
0.007316861	-0.000825263	0.004533157
-0.013881684	0.011083618	-0.000755483
0.004195867	0.011602673	0.000253169
-0.014327851	0.028270711	0.00107125
0.011572299	0.007078606	-0.001080679
0.001235442	-0.019460266	-0.00358969
-0.003934404	0.017768296	0.000710113
0.017589393	0.004818056	-0.003948226
-0.028786707	0.027816102	0.000665727
-0.015951293	-0.000701887	0.00252735
-0.020191013	0.01709364	0.006339367
-0.004866759	0.015538345	-0.009901229
0.021558204	-0.008275673	-0.007600262
0.009155397	0.018835846	-0.015814533
-0.009740353	-0.034480472	0.009432032
-0.003009574	0.013036763	0.013503309
-0.009432114	0.025522698	-0.002112842
-0.004880702	-0.001598797	-0.005358551
-0.009749767	-0.020484701	-0.003140768
-0.014891102	-0.011555036	0.003937406
0.025420197	-0.004441424	0.0016878
0.035715962	-0.003975059	0.005742191
0.013364742	-0.012074948	-0.001137784
-0.008542919	0.006061414	0.005062151
0.003189899	0.003727038	0.002739142
-0.010989713	0.00322959	0.000224293
-0.028049712	0.053397488	-0.004092673
0.001451066	0.013641857	0.001212984
-0.006461888	0.007919563	-0.001894897
0.006605128	-0.001014301	0.005859403
-0.004511982	-0.001104295	0.000559559
0.006972926	0.007288381	-0.002310982
0.004310728	-0.002356604	-0.003099764
0.011158714	-0.013377857	0.006508541
0.005790287	-0.000990539	0.002450267
0.002423073	0.000570752	-0.002568986
0.00563463	0.014097037	-0.002466869
0.002773455	0.00269479	-0.004216593
0.021811484	-0.039295432	0.00108899
0.024670614	-0.007749739	-0.009741285
-0.01053164	0.02749665	0.008380852
-0.003705008	-0.005158725	0.005164338
-0.013648863	0.005095846	0.001804145
-0.000988253	0.00305486	0.001657792
-0.001301048	0.00918113	0.00171166
0.015370356	-0.030663186	-0.000236926
0.006334427	-0.003942661	-0.000869379
-0.009117413	0.01459121	0.000867553
0.004497208	0.015033493	0.001680156
0.005067621	-0.006725497	0.0020614
-0.003554261	-0.015526923	-0.005147578
0.004911497	-0.020594312	0.000690862
0.007266117	0.012744212	-0.009990763
0.011918771	0.000417588	0.009440849
-0.002693517	-0.003216633	0.000884672
0.018414805	0.001893685	-0.003431022
0.001368154	-0.032032163	0.002833529
0.002118111	-0.017354184	-0.002261943
0.027752109	-0.019947262	-0.005286307
-0.044514378	-0.017951056	-0.013127064
0.006086895	-0.000431626	0.007074218
0.004568611	0.023542608	0.006548974
0.025992127	-0.004940335	0.001264534
0.013169805	-0.011703946	0.001902092
-0.019774082	0.020413718	-0.001200174
0.009285036	-0.005861719	-0.00623073
0.001663923	0.004450832	0.00298067
0.010215922	0.003879918	0.002344401
0.015047266	-0.009890762	-0.001736762
-0.030559364	-0.001573188	-0.004300843
-0.021884584	0.009243287	0.004393241
-0.008018885	-0.025043705	0.00055356
0.000811523	0.010572308	0.002532749
-0.011849715	-0.002063895	0.004559552
-0.012017632	-0.013042355	-0.00172733
0.008956387	0.017535446	-0.000292061
0.009367323	0.001723719	0.002915606
0.000441633	-0.004459053	0.002277279
0.006052366	-0.017072074	0.000954712
0.005005176	-0.01973888	-0.002418868
-0.006865301	0.002970171	-0.006750446
-0.005519579	0.000727784	-0.012388407
-0.0032359	-0.021836654	-0.001500372
-0.019164544	-0.011976113	0.009490655
0.018679124	0.025849796	0.005685582
0.010897195	0.017697001	0.000218416
0.005773031	0.00451128	0.00168834
-0.004781323	-0.002278387	-0.007145916
-0.006450275	0.018510405	0.008297558
0.01519058	-0.010166915	0.0015261
-0.011242086	0.00234565	-0.000871118
0.002233593	-0.00286711	0.001512123
-0.008059557	0.029396606	-0.000908957
-0.009119832	-0.000454613	6.42859E-05
-0.010781562	0.003350855	-0.006272131
0.021649342	-0.008388087	0.00015198
-0.021530269	0.00795123	-0.002921298
0.019570923	0.010211925	-0.007218385
-0.019506327	0.025584134	0.004233039
0.009682981	-0.008998982	-0.000114279
-0.006031502	0.03128896	0.004205953
0.008961847	-0.006919406	-0.001489573
-0.000677762	9.96522E-05	-0.007050751
0.000169334	-0.009563702	-0.014275376
0.000429762	0.002716961	0.001830888
-0.009376712	0.019509592	0.009533438
-0.012527662	0.019451893	0.007712871
0.00106289	0.004352132	0.003591589
-0.021800342	0.044840172	-0.003266504
-0.010708307	0.022344051	-0.014036065
-0.008109505	0.00227138	0.00048336
0.003197592	0.001437337	-0.001953963
-0.0047792	0.011291368	0.005199438
-0.005124676	0.033149087	-0.00513413
0.002690735	0.009189812	0.004027421
-0.004560002	-0.015771008	0.000925402
0.005569622	0.00162178	0.004420133
-0.016180028	0.023636972	0.002752435
0.014427025	0.004129039	-0.003935183
0.004203581	-0.004218076	1.44943E-05
0.003018562	-0.008126062	0.003855466
0.003187244	0.002013275	0.006630992
0.012151696	-0.003070507	0.002734334
-0.002421317	0.001629083	0.000302698
0.005740831	0.000798732	0.002599598
0.002800618	0.007765161	0.001251554
-0.005065103	-0.022264535	0.002325301
0.003650727	0.011587354	-0.00132354
-0.014214691	0.014624883	0.000922253
0.007193668	0.0045613	-0.002717128
-0.001726974	-0.017176697	-0.003907316
-0.002766054	0.001012316	0.001508249
0.015666535	-0.013028916	0.001282994
-0.010046625	0.018553688	-0.000347729
0.009235295	-0.01095987	0.001603282
-0.026315185	-0.013224538	0.004106104
-0.022483868	-0.000436459	-0.000861553
0.010727128	0.024072384	-0.004004453
-0.00647946	0.017040704	-0.002977445
0.02609575	-0.001595908	-0.002208656
-0.004557106	-0.022707732	-0.003484111
0.005785713	-0.004728708	0.003429542
-0.002251678	-0.012297269	0.005430153
-0.003206204	0.004198466	-0.000239627
0.00238893	-0.003087027	0.000572697
-0.013381353	-0.011817239	-0.00264986
0.011383316	0.001542727	-0.001897463
0.002530119	-0.033268716	-0.001269319
-0.008582933	0.015395803	-0.004445382
-0.010219175	0.034981929	-0.001134496
-0.015394317	0.01124213	0.002482845
-0.098737503	-0.010879578	-0.027500886
0.019877859	-0.005310787	0.011332819
-0.037418905	-0.007879851	-0.010373698
0.003051359	-0.00031764	-0.01004971
0.000207661	0.008203911	0.005262297
-0.003664981	0.007349186	-0.006252765
0.035150051	0.005707902	0.006418207
0.008221811	0.014123787	0.01365092
0.007216242	-0.009269401	0.006774734
-0.004822673	-0.009767336	-0.004855242
0.007687659	-0.006526603	0.008538886
0.023504053	-0.024636476	-0.004760676
0.000145939	-0.002433277	-0.005340895
0.008170182	-0.013559616	0.007372718
0.009880942	0.01467537	-0.003688668
-0.000978662	-0.01551274	-0.003527465
-0.020406862	-0.005586798	-0.004296462
0.001818643	0.025164219	0.004720288
0.01582939	-0.002508833	0.007776977
0.018889029	-0.006775986	0.002844355
-0.000869633	0.02335554	0.001202953
0.009659445	-0.004699275	0.000610875
0.004092631	0.001290923	0.002259125
0.016428698	-0.00962855	-0.001171493
-0.025483024	0.002275367	0.000366873
-0.002613954	0.013058012	0.002426815
-0.023324571	0.035881986	-0.000892035
0.015555146	0.003754418	-0.009841885
-0.001803938	0.020329466	-0.000488582
-0.018776836	0.010533478	0.00264965
-0.008613247	0.001163153	-0.00202865
0.011953261	0.022488978	0.003069263
0.001138917	0.012477237	0.002980207
-0.001379189	0.005335494	-0.008845095
0.000441502	0.017157069	0.002775648
0.017727881	0.011374921	-0.010902097
0.012595708	0.002862215	-0.00408817
0.008534956	-0.006197886	-0.005255076
0.010759518	-0.018763719	-0.00861472
-0.021034259	0.003926941	-0.003667971
-0.008789109	0.03600881	-0.003714601
0.018194597	0.003239892	-0.002764305
-0.018771646	0.009050077	0.001896712
-0.000251005	-0.003638274	0.005529392
0.009678218	-0.003967489	0.006620744
-0.019801149	0.011632496	0.007821732
-0.003428565	0.00621353	-0.000128307
0.022681351	0.00398795	-0.006570418
0.011043904	0.007918004	0.002070302
-0.003645264	-0.00331265	0.000739126
0.006839496	-0.03165749	0.003766955
-0.0045964	0.007175949	0.004562124
-0.005358889	0.017082293	-0.011384593
0.004651348	0.037041722	-0.009909085
0.038571596	-0.012452576	-0.003621857
-0.021271484	-0.019790512	0.005240845
0.01089088	0.003486435	0.003421441
-0.029132125	0.019016168	-0.009569069
0.014140435	-0.011666346	-0.000587819
0.033067653	-0.011268257	-0.003129844
-0.022526121	0.014866759	-0.005703378
0.008532446	-0.005956393	0.000176798
-0.029194985	0.012365158	0.005216579
0.016609391	0.028736763	-0.005971418
0.057729366	0.019226214	-0.007649032
0.057970399	0.004535451	0.003615592
-0.017736285	-0.005372007	-4.19836E-05
0.045326405	0.02782615	-0.003911173
0.017527651	0.024419257	-0.009562875
0.046066136	-0.013900572	0.000540686
-0.110346495	-0.023842089	0.004054197
-0.039883113	0.016185503	0.003893079
0.044475626	-0.011213344	-0.001628892
-0.018776221	-0.027531681	-0.003056274
-0.052345751	-0.015793951	0.002902512
-0.014681359	-0.004627445	0.006568426
0.042292808	0.038022512	0.00229668
0.017315099	-0.007496103	0.004247856
0.028700263	0.035131095	0.00077385
-0.000754442	-0.006879157	0.001247882
0.001796392	0.02482454	-0.002033233
-0.023958561	-0.003955073	0.004789128
-0.011247328	0.023396444	0.002636405
-0.046744407	-0.028212753	0.003684931
-0.007086486	-0.008792871	0.002543879
0.028609868	0.0076845	-0.001341597
-0.058675463	-0.007313344	-0.00416728
-0.020910353	0.012165013	0.002432316
0.036329067	-0.000450831	0.003578169
0.002149388	-0.005851906	-0.007753266
-0.050520931	0.00075514	-0.003997985
-0.007508542	0.007572368	0.000983733
-0.003432572	0.025465428	0.000944765
-0.019686048	-0.01085231	-0.00922686
0.046104062	0.018996053	-0.000874409
0.025804992	0.003662899	0.006232674
0.020107073	0.006926077	-0.002385188
-0.043255032	-0.001608575	0.003308907
-0.011307892	0.009497048	0.00318178
0.037082332	-0.022581101	-0.006994493
0.009201222	-0.013089273	-0.014837068
-0.007094661	-0.027878089	0.000951756
0.028852973	0.013174511	-0.01436013
-0.008467869	0.009420453	0.001732782
0.006341247	0.018416299	0.002577
0.001919611	0.000452442	-0.007507474
0.009375997	-0.005255563	0.000531638
-0.062389501	0.032191137	0.005529924
0.022922426	0.019854703	0.008605359
0.010244043	0.007660123	-0.01302061
-0.005467847	0.019978105	0.000275895
0.020604002	-0.073275924	-0.009794836
-0.033355921	-0.001373638	0.001562999
0.046566563	0.008571084	-7.13337E-06
0.012062106	-0.009141522	0.000629772
0.00608351	0.028370366	0.005264061
0.010657984	0.015472962	0.002811876
-0.038585715	0.016003808	0.00280253
-0.004282957	-0.008319615	-0.011305891
0.027977852	-0.003424615	0.001724031
-0.00021957	0.004587692	-0.000825401
-0.052521538	0.026106615	0.001255209
-0.009456004	0.009069288	-0.002779906
-0.018706637	0.022422429	0.001401688
0.018855591	0.011741305	0.001369296
-0.010927324	0.01599525	0.00370249
0.002459329	-0.003856987	-0.001457702
-0.009080663	0.015766823	0.000525731
0.013933117	-0.001943027	0.001929613
0.007983561	0.009309613	-0.000548759
-0.007897339	0.007705804	-0.001272153
-0.012919912	0.019730256	0.002110628
0.0214467	0.00133167	-0.000149915
0.005961905	-0.005822669	-0.005916453
0.006383781	-0.009591172	-0.004971061
0.039156262	-0.023977992	-0.0140783
-0.001896301	-0.015584503	0.000508839
-0.010210569	-0.022830508	0.005395976
0.067422724	-0.041295158	-0.007207846
-0.002129276	-0.065081268	0.002145493
-0.020083122	0.032903955	0.001247718
-0.006408466	-0.047354897	0.001950923
0.017063471	-0.039677796	-0.00083375
0.013121327	0.011427019	0.003313476
-0.015585918	0.033651889	0.00024313
-0.011177106	0.038384614	-0.003886899
0.017585748	-0.034444996	-0.000556662
-0.013204315	-0.022028058	-0.001990524
0.025683663	-0.007466324	0.003751025
-0.04922107	-0.036361235	-0.002335209
0.015601161	-0.032744109	0.001059051
0.00349485	0.039460857	0.001019869
0.021274336	-0.001674713	0.003112779
0.005528123	-0.004557306	-0.004127572
-0.061413617	-0.016276355	-0.003580311
-0.000314102	0.005687333	0.00018412
0.009807954	-0.020908427	0.000385702
0.003965855	0.009704948	0.004899634
0.018449584	0.034445022	-0.002881606
-0.014978183	0.026870581	0.001297241
-0.026557232	0.016745442	0.001238315
-0.04170265	-0.023045987	0.001730785
-0.002499431	-0.011944983	-5.5599E-05
-0.015618629	0.038232371	-0.001312428
-0.015224306	0.002837049	-0.004057321
0.003801559	0.018750636	0.003064341
-0.013395332	0.004290953	0.002365383
-0.003050789	0.022243226	0.002752018
-0.033582825	-0.00807876	-0.004449999
0.016434925	-0.003798847	-0.003692535
-0.008031084	-0.034806703	0.004792097
0.009363248	-0.035486167	0.001530591
-0.01642448	0.021649792	0.000695908
0.012888979	0.008533562	-0.000636444
-0.015080773	0.013933472	-0.001748024
0.008741533	0.002358087	0.005819012
-0.011261562	0.037692821	-0.001203916
-0.028992041	0.004737158	0.00187436
-0.009426813	-0.01816135	-0.001364001
-0.027426616	-0.003881197	0.000564291
0.010729012	0.007663566	-0.000790743
-0.004924952	0.031274922	0.000873308
0.005034325	0.00201261	-0.003391433
-0.010957504	0.019777053	-0.009704505
0.007123112	0.026348262	-0.001989007
-0.002837075	0.012194755	0.002899335
-0.030429983	0.003930356	0.002810219
0.00166437	0.010839618	-0.010336905
0.028591276	0.014640385	-0.002925006
-0.022513571	-0.030270561	-0.000815374
-0.020396809	-0.003529745	0.000174051
-0.006762259	-0.025511924	0.000202961
-0.015042685	0.018374977	-0.000321288
0.010671199	-0.006228613	-0.004095744
-0.034975109	-0.027779751	0.004691687
0.013001955	0.001915309	0.00256952
0.014226028	0.022604323	0.002010629
-0.01061754	0.025897683	-0.003195057
0.009254196	-0.006018494	-0.009202444
-0.015694414	0.02763715	0.001319148
-0.016539567	-0.02207067	-0.00076949
0.02259215	-0.020559642	-0.000733883
0.011207251	-0.004819616	0.000666239
-0.011544316	-0.001322606	-0.003908427
-0.004326732	-0.010958487	-0.002867591
0.022871304	-0.016183691	0.000564927
0.009077755	-0.062003125	-0.006367789
0.004055263	-0.024776327	-0.006088805
0.010445508	0.012767695	-0.002042207
0.006254523	0.033043673	0.003839583
-0.016990835	0.010809009	-0.003963009
-0.018710334	-0.001902988	-0.000752327
-0.004327786	0.051449936	0.002200199
-0.010827812	0.042554492	0.001570094
0.003803065	0.011241635	0.000506269
-0.006358031	0.019920842	-0.004963319
0.041179054	0.003790959	-0.002938566
-0.002819902	-0.010566954	-0.003281117
-0.008061547	-0.009514136	-0.00345878
-0.025801269	0.004980103	-0.001129953
-0.0024927	0.022104921	0.002111523
-0.003078911	-0.034249379	-0.000915072
-0.00857542	0.006826608	0.000330204
-0.032615981	0.002141521	0.000940501
0.006807047	0.023920179	-0.001311575
-0.006949019	0.006135909	0.000694788
-0.022629749	0.016119866	-0.000138604
-0.010682357	0.007534413	-0.001149544
0.007227092	-0.000810642	0.002160136
0.014994809	0.01059193	0.002135955
0.01208747	0.001856617	-0.000764136
-0.004694586	-0.012514835	0.003221575
-0.024177257	0.010767085	-0.00065901
0.01446278	0.006737047	-0.000456282
0.032018562	-0.012312038	-0.000734073
-0.033140866	0.013287795	0.00076592
0.032184193	0.014198914	0.001434321
-0.026951425	0.018917658	0.000129455
-0.029395269	0.00237084	-0.00352682
0.016486854	-0.048991246	-0.002181166
-0.014059212	0.015945002	0.005848926
0.003293156	0.022672907	0.002801311
-0.027374947	-0.003742228	-0.00350433
-0.003399885	0.018966414	-0.002848312
0.010842222	-0.025864336	0.000423315
-0.040616951	-0.00269876	3.97283E-05
-0.004030607	-0.013689679	0.001745704
0.019389069	-0.022123246	0.001859997
-0.0209677	0.026632741	0.002918703
-0.024907547	-0.011421781	0.002824935
-0.021408996	0.000646231	-0.000467806
0.036233324	-0.019153398	-0.005373237
0.001198303	0.010820084	0.000191777
0.027643172	-0.001332395	0.00363987
0.011982973	-0.008434744	0.002385039
-0.005933396	-0.010164528	0.002573306
-0.012581005	-0.019880937	-0.005345653
-0.009457198	-0.020264955	-0.004859622
-0.024920933	-0.002644073	-0.002149597
0.006203402	-0.016511645	0.000576483
0.011075008	-0.014421646	-0.001835809
0.006799004	0.0281802	-0.006324742
0.01274373	0.010702988	0.0056032
0.028943034	-0.008630252	0.004172893
-0.015047628	0.00480527	-0.004875877
-0.003501108	-0.018790081	-0.000151822
0.017876955	-0.005782992	0.000185956
0.004886554	0.003931459	0.002395085
0.00237822	0.019421286	0.004226434
0.012487103	-0.017366372	-0.005656611
-1.10789E-05	0.025738395	0.002544018
-0.008660267	0.011064418	-0.002404151
0.021311215	-0.026458425	-0.001909271
-0.012697511	0.003759318	0.001576819
0.018559999	0.006830781	-0.000853532
0.001257504	-0.039634974	-0.003895752
-0.053298167	-0.002094827	0.00185871
0.009853226	0.002787443	-0.001485609
-0.020092456	0.018280512	0.003434004
-0.00012406	0.01444419	-0.00250474
0.008664244	-0.006345497	0.003669693
0.026576985	0.005130445	-0.001518924
-0.008923839	0.014459739	0.006873905
0.0164643	-0.000141956	0.002070716
-0.003064136	0.010616643	-0.003317324
0.001166584	-0.005751322	-0.003527631
0.000679686	0.010446066	-0.001026544
0.003622252	0.007245769	0.001828605
-0.004968683	0.008418069	9.65006E-05
-0.006412679	-0.013784246	0.001843266
0.003445258	-0.003866737	0.000421479
-0.003944488	0.013223055	0.001109852
-0.012570358	-0.004564111	0.000760995
-0.001409027	-0.016344555	-0.004759067
0.007959387	0.003391476	0.001232716
-0.005077615	-0.031438716	0.005211657
0.010439386	-0.014745508	-0.002625182
-0.027660082	-0.00626789	0.001111903
0.019021228	-0.005483887	-0.003686374
0.011971666	0.024307772	0.002181776
0.018714587	0.001093714	-0.003149791
-0.000367119	-0.001180515	-0.00380406
-0.009638433	0.030453802	4.63783E-05
0.007246604	-0.002508246	0.000378657
-0.01502696	-0.003118611	0.004483643
0.023595724	-0.031362652	0.002579342
0.009569463	-0.004402197	-0.006309615
0.010802238	-0.038832513	-0.000176889
-0.001808578	0.008025203	-0.008701748
-0.025835781	-0.003610269	0.000616421
0.005743167	0.009999744	0.003084001
0.007763808	0.005300306	-0.001621891
-0.011830878	0.001424864	0.001737716
0.030088378	-0.012692749	0.000644076
-0.013052613	0.0211228	0.000186859
-0.004483587	0.007689346	0.002942588
0.008297242	0.006661257	0.003764376
0.018549779	-0.00875253	-0.000193183
-0.021530093	-0.010998682	-0.003360849
0.000901367	-0.013872814	0.001193663
-0.006318527	0.004381225	-0.01077168
0.02804579	-0.008657162	-0.007070296
-0.00526055	-0.014076419	-0.005319827
-0.040398817	-0.012428246	0.00609725
-0.001284928	-0.046413371	-0.006182433
0.002225747	0.002063805	0.007159275
-0.013379465	-0.003578143	-0.006520768
-0.003108867	0.01385283	0.002465877
0.003625306	0.015790878	0.007496488
0.031087533	-0.009584138	-0.002311677
-0.004754658	-0.006486316	-0.001512493
-0.009948942	-0.002255851	0.002027683
0.035484352	0.010701254	0.003283522
-0.009637893	0.013242024	0.002001955
-0.015286245	0.009530395	0.002751614
0.017795487	0.000338452	0.000429022
0.011618501	0.004798453	0.00101645
0.008726558	0.05017055	0.000516164
0.011481981	-0.006451965	-0.001555204
-0.00320231	0.002567485	-0.000480762
0.010817553	-0.012377771	0.002180142
-0.012531444	0.024796232	-0.002275188
0.017570724	0.002112972	-0.000239651
-0.020052596	0.002985199	0.004349973
0.00269839	-0.000955836	0.002999961
-0.00808262	-0.012258904	0.000740259
0.005343314	-0.005066492	0.000588818
-0.014252795	-0.008035592	0.001555784
-0.014636343	-0.006786143	-0.002459628
0.011075117	-0.008077117	0.001386841
4.6437E-05	0.011598469	-0.000257156
-0.004225549	-0.011384328	-0.006646139
-0.026851155	-0.007797591	-0.000837567
0.007709456	-0.008777602	0.006311151
0.008032794	0.01341307	0.005409377
-0.010803139	-0.003044062	-0.000615317
-0.018363213	-0.029197948	-0.006307431
-0.027538995	-0.012854742	-0.002439362
0.002161368	0.003303232	-0.006048286
0.013103707	0.017054219	0.009337836
0.021740945	0.00167268	0.001528779
0.010015213	-1.49229E-05	-0.002501448
-0.003853355	-0.013871234	0.002670247
-0.011609374	-0.011579472	0.000314767
-0.012965512	0.001029388	-0.000271267
0.002397085	0.01305258	-0.0002839
0.015687093	-0.016084866	-0.003125094
0.016809711	0.007850329	0.003867603
-0.021720018	0.005044141	0.003556859
-0.014866763	0.013917026	-0.002531433
-0.001526941	0.008131761	-0.001595765
0.004790928	0.011036319	-0.004785037
0.01771895	0.007241103	-0.005386232
-0.008434479	-0.026178664	0.002330213
0.014751045	-0.007443148	0.004165032
-0.031255007	-0.015212342	0.002065563
-0.003642448	-0.014542799	-0.001548417
0.023448023	-0.003739318	0.008608702
-0.003867288	0.021684198	0.005276203
0.012349001	-0.00665338	0.00013368
-0.011674906	0.002242764	0.00374203
-0.009004731	0.019190198	0.000749655
-0.014318422	-0.004124252	0.001784876
-0.012809077	-0.002562471	-0.000287939
-0.032275815	-0.007053663	-0.004857335
0.027036985	0.004787544	0.001641003
-0.004358593	-0.015578732	0.003709788
0.021704884	0.014174893	-0.002129176
0.009365395	0.001780228	0.004547567
0.009410571	-0.018930887	-0.000820748
0.011972421	0.002993729	0.003543877
-0.02467792	-0.018140135	0.002151178
0.008723414	-0.011276866	-0.001908593
-0.012869333	0.019476323	-0.003438328
-0.020244265	-0.006051284	0.002429457
0.020709097	0.003839981	0.002045528
-0.007945482	0.012023152	7.26043E-05
0.003974349	0.006620144	0.000201066
-0.015721038	0.002818735	0.000534528
0.029611889	0.000521489	-0.002344017
0.017805664	-0.013803457	-0.005255078
0.005121311	0.019667722	0.002417922
-0.017053365	0.006435415	-0.00055992
0.003150012	0.019483396	0.001206269
0.000553448	0.004257256	0.006237662
0.009804231	0.00565808	0.000559043
0.008289252	-0.028972586	0.001745367
-0.013170415	-0.003344862	-8.48365E-05
0.000300447	0.019512031	0.001291551
-0.008713781	0.005431239	-0.001619754
-0.004173426	0.009715885	-0.000772343
0.010416936	0.002278607	0.002131206
0.006939323	0.014800586	-0.000860172
0.002202723	0.007393238	0.00055641
-0.010245592	-0.003510141	0.003603362
0.018798843	0.001687238	-0.004919102
-0.002175098	0.004104275	0.004954024
0.003602227	0.011119494	-0.000603839
-0.001626461	-0.002289394	-0.001015122
-0.010998565	-0.002467021	-0.008903357
0.012555336	0.011600897	0.00018802
0.00693892	0.012010443	-0.004379164
-0.007374495	-0.007073686	0.004921974
0.008169128	0.002782197	-0.000331757
0.005779207	0.009973221	0.000267186
-0.016868357	-0.000637676	0.000636131
0.001873001	-0.002917474	0.004441298
-0.002924868	-0.005678329	0.000699939
-0.006882536	-0.004234991	-0.006368449
-0.013728864	-0.00325563	-0.001571705
-0.001073984	0.016263091	-0.00411424
0.00595155	0.001677088	0.001838298
-0.006952654	-0.000579115	0.000814491
0.001347765	-0.008080273	0.000723476
-0.004337521	-0.012908888	0.003974395
0.005649331	-0.000519301	-0.004239728
0.007540893	-0.002706201	0.005661768
-0.006108973	0.005259308	0.003111541
0.007451467	0.001926711	0.003219431
0.000875517	0.00142459	0.003138719
0.023512695	-0.003150472	0.002066801
0.005545378	0.012919981	0.002881824
0.012803504	0.005601228	-0.00364691
0.008166524	0.00272759	-0.001866275
-0.000581113	-0.007234834	0.000414502
0.004744903	-1.44421E-05	0.002901399
0.013987845	-0.016512151	0.000794899
-0.000953759	0.019616411	-0.001501723
0.004908935	-0.011795237	0.003705204
0.011667778	0.003907505	0.003919391
0.012483575	-0.004059781	-0.003858848
0.006197166	0.000850759	-0.000846354
0.005799321	-0.006720696	-0.000183232
0.005774424	-0.010727632	-0.004150886
0.000656685	-0.006260206	-0.009454635
-0.000798415	0.000552921	0.00058511
-0.01495761	0.011692918	0.001225262
0.002002566	0.012003096	-0.007111032
0.007980556	0.018145613	0.00186322
-0.021621547	-0.000554398	0.003268864
0.005249411	-0.013730665	-0.000375802
0.008473745	-0.026673661	-0.000326499
0.003796436	0.006728624	-0.007432451
-0.023487294	-0.037356661	0.003295281
-0.022152091	0.000359799	0.000488843
-0.01390902	0.016027013	0.003681271
0.009603568	0.031035362	-0.000604647
-0.013931961	0.005925592	0.002435324
-0.025296079	-0.003376053	0.003881453
-0.007281808	0.005880884	-0.001894373
0.029670453	0.033850692	-0.009389584
-0.016246408	-0.003038062	0.006581077
-0.005356761	0.009368386	-0.001902661
0.013016533	0.012938759	-0.004762906
0.010506622	0.009353252	-0.007334089
0.00835529	-0.009901135	-0.001741208
-0.026554898	-0.019525147	0.003638893
-0.006476861	-0.015460443	0.004612061
0.01775202	0.006508701	-0.003742286
-0.019794857	-0.003919159	-0.002000491
0.033618363	-0.005610139	-0.002175647
-0.030750473	-0.009862086	0.004306131
-0.015939178	-0.004206249	0.005593438
-0.001382833	-0.008623175	0.005024678
0.004714041	0.015464317	0.005214354
-0.018098614	-0.009396385	0.003723943
0.020814844	-0.01685329	0.000639586
-0.016213711	-0.027430108	0.000674152
-0.006981494	-0.019848495	0.001913935
0.003384658	0.005583238	-0.00314238
0.015716145	-0.002277443	0.004874432
0.008688816	0.006591695	-0.001890328
-0.010579124	0.007512197	0.002811107
-0.013959761	-0.004329035	0.000477277
-0.027642418	-0.021506542	-0.000233904
0.023082314	0.013794202	0.002691443
0.019928085	0.000907585	0.002431773
0.00577742	-0.005533168	0.000911447
-0.001381751	-0.010214729	0.002960737
-0.025911801	0.00386672	0.002700601
0.000299948	-0.008904941	-0.00041005
0.018409098	0.000867366	0.000502662
0.022232375	-0.003243298	-0.000874984
-0.029134412	0.003215349	0.000729468
-0.026539286	0.000576566	0.002009479
-0.000945352	-0.010108254	-0.001550749
0.005783151	-0.018122206	0.001505901
-0.019504865	-0.021041995	2.92916E-05
0.003438448	-0.004358936	5.86665E-05
0.018191925	0.003979373	0.00406576
0.001165058	0.001073284	-0.000560019
-0.022043239	-0.019961288	0.003398494
-0.000692592	0.01302188	0.000227708
0.006069969	0.025749022	-0.000890875
0.003872109	-0.007207894	0.001526334
0.006364078	0.008766073	-0.000745393
0.004922119	0.009694136	0.000647056
0.011782727	5.81112E-05	-0.004967033
-0.012104661	0.006706576	0.000145902
-0.006133536	-0.00173358	0.003401312
-0.000936202	0.005420995	0.0037546
-0.018832141	-0.014202606	0.000634947
0.002661612	-0.005178782	0.000709229
-0.023618719	0.009615876	-0.003125191
0.018248616	0.017091601	-0.003702153
0.00777849	-0.014771066	-0.000305218
0.01874709	-0.002201974	0.003972632
-0.026733489	-0.015936427	0.002050988
0.029921882	-0.013007866	0.00221931
-0.00180148	-0.011064914	0.001038524
0.010078826	-0.002902349	0.001880924
-0.001740407	0.012024346	-0.000620695
0.019450127	-0.01815669	-0.005009634
0.008058386	-0.004395656	-0.004214454
0.025399839	-0.008224253	0.002902941
-0.010420647	-0.003538028	0.004447734
0.019466069	-0.000377723	0.001316389
-0.006205631	-0.004118936	0.003748686
-0.003323393	0.014949842	-0.00211214
0.013836405	0.016379453	-0.001167354
0.007314869	6.17643E-05	0.001265794
-0.014644591	0.0003045	-0.001061753
0.003215766	0.007760655	0.001724631
-0.012901209	-0.00817485	-0.004225238
-0.016032661	-0.011814162	0.002159793
-0.009692334	-0.011396065	0.000689307
0.018880431	-0.012584903	0.001282875
-0.001500052	0.005183693	0.00342896
0.006344328	-0.000886459	0.001875135
0.02377261	0.00575679	0.000852683
0.018045144	-0.010348401	-0.000113025
-0.013446259	0.018364747	-0.004267403
0.01954357	-0.001775757	-0.008181006
-0.014021102	-0.007379666	0.005807937
-0.008094463	0.021644383	0.002429634
0.005952575	0.005682657	-0.000484844
-0.013834989	0.000343377	-0.004772561
-0.019600845	0.022888567	0.000210825
0.007377336	-0.003065628	0.003675966
-0.013795975	-0.01439064	0.004161045
0.012698963	-0.00026973	0.000758919
0.012309244	0.000447339	0.001923052
-0.006283285	0.002494456	-0.001337416
-0.013522159	0.00626316	0.002364605
0.007590942	0.011343151	0.002019785
-0.002495616	-0.00800806	-0.001196826
-0.016104752	0.010424606	-0.004089824
0.009854647	0.003128659	-0.000147807
-0.003351597	0.001624538	0.000578587
-0.015158706	0.005575024	-0.00094138
-0.001484644	0.00369073	-0.001819064
5.71795E-05	-0.009866976	0.006191754
0.013873941	0.011049082	0.00126819
0.011319416	0.009129216	-0.002452645
-0.00239707	0.000302487	0.000110948
0.016805821	0.001914152	0.000698113
-0.002163934	0.006366936	0.002710725
-0.017579074	-0.004538537	0.004312262
-0.012449682	0.003270133	0.001397408
-0.000691089	-0.005072407	-8.19283E-05
0.000380882	0.014750713	-0.000151433
0.003069712	-0.007475727	0.000219332
-0.010839841	0.004883208	0.002743184
0.010366039	0.010150217	-0.000417541
0.00327375	0.025282652	-0.006952105
-0.005591312	0.009171392	0.00103996
0.007414246	0.014680663	-0.008011822
-0.00288234	0.005443272	0.000812929
-0.00155323	-0.008757231	0.003668241
-0.016237794	0.00223803	0.001410622
0.005792188	0.008774457	-0.003030319
-0.005912083	-0.009417227	0.003674578
0.013718927	0.002705202	-0.008991782
0.00614988	-0.001402484	-0.007336547
0.005884195	-0.008403691	0.00216591
-0.025956171	-0.00692066	0.000774421
0.003124563	-0.004499974	0.000766583
-0.006560006	0.010451268	-0.002430697
-0.004725448	-0.005275405	0.006101262
0.005096987	-0.002499859	0.005429183
-0.008984165	0.003806822	-0.000531753
0.004225889	0.001199276	0.002582643
0.004891991	-0.002163072	0.001852714
-0.017238072	0.001963473	0.001953986
0.016251293	-0.021751491	-0.003684852
-0.018735929	-0.017835983	0.001005929
-0.001009135	-0.00180564	0.003324588
-0.010412776	-0.004757278	0.005953399
-0.006108649	0.010109928	0.000873651
-0.001434774	-0.001334998	0.001745444
0.010839204	-0.00617107	0.001716769
-0.003273207	0.004159677	0.002163863
-0.003531693	-0.010126468	0.001400602
0.009553171	0.004647189	-0.004484099
-0.011553261	-0.00155442	0.000947531
0.010132701	-0.008897519	0.005311276
0.013304131	-0.007017058	0.001106204
0.0030747	0.004636742	0.002900077
-0.006829747	0.003318531	-1.34607E-05
-0.001914189	-0.008333321	0.002144149
-0.004238122	-0.013663819	-0.001481247
-0.002395666	-0.004612975	-0.00197521
0.009697757	-0.004405654	0.004728151
0.010274393	0.020926819	-0.004120748
0.005955888	-0.006715379	-0.006195959
-0.02033776	0.005169751	-0.000951055
-0.022914467	0.004911944	0.007501357
-0.008875779	-0.026257709	0.000121292
0.001767354	-0.016014265	0.000247362
0.012180721	-0.0049541	0.003122055
0.015442085	0.002588598	0.001022624
0.007015704	-0.009759071	0.002477515
0.012177128	0.017378549	-0.001890851
0.001530526	0.001472064	-0.00016168
0.012803985	-0.009760652	0.004663835
0.022137305	-0.022220792	0.001490047
0.00658397	-0.006264717	-0.003006223
0.022476836	-0.001169127	-0.00013686
0.007663444	0.001866034	0.002812509
-0.005922	0.017195801	-0.004113276
-0.009240918	-0.007802006	0.000546425
-0.013571045	0.024879147	-0.000115347
-0.008602174	-0.00405756	0.002841722
0.010270127	-0.010955755	0.002183195
0.00710719	-0.001466969	0.002309144
-0.004500236	0.002424596	-0.00027774
0.020427349	-0.001492263	0.001684201
-0.01221342	0.005503388	0.001717025
0.006641867	0.006394573	0.00042402
0.003639888	-0.011446237	-0.00139023
-0.008181175	-0.001878277	0.001022878
-0.004620084	-0.007154197	-7.18593E-05
-0.001108333	0.008583636	-0.001164572
-0.010199054	0.013935177	8.04405E-05
-0.002547559	-0.004714205	0.00282826
-0.017000377	0.017307347	-0.002531115
-0.00895963	-0.005072095	-4.51196E-05
0.018330184	0.008637723	-0.005496403
-0.005008837	0.009466144	-0.006177844
-0.022712794	-0.007952099	-0.002600647
0.008147639	-0.017689528	0.00648534
-0.016010809	-0.017709112	0.001576149
0.008928788	0.012313344	-0.01258634
0.004516139	0.004792115	-0.002411226
-0.01380472	-0.008068771	0.007373857
-0.007044313	-0.00873066	-0.000140482
-0.018156896	0.009744378	-0.003963211
0.025843731	0.008719576	0.004719876
0.001351292	-0.012581625	-0.00768773
-0.009373861	-0.013294473	-0.01531177
-0.000720457	0.028855357	-0.033522025
0.006553629	-0.022095012	0.017478563
0.01780496	0.006906219	0.00027135
-0.00384952	0.006113408	0.009397661
0.00819774	-0.010792293	0.010161798
0.022127041	0.015393563	-0.000520212
-0.010193001	-0.019461633	0.008270333
-0.013995158	-0.006366105	0.00778248
0.005509489	0.004909677	0.004630519
-0.016249295	-0.00518198	0.002418049
-0.031087598	0.004764328	0.001120864
0.006951646	-0.008862304	-0.004763752
-0.024309663	0.000138645	-0.001718156
0.012560112	0.005914281	-0.004823255
0.010704635	0.005720951	0.006145648
0.017545584	0.012827051	-0.00052365
-0.014691362	-0.011047439	0.003033186
-0.013082291	0.005446715	-0.006157746
0.010655997	0.000637283	0.005316379
-0.019340569	-0.011391285	0.003306839
-0.020820825	-0.002072418	-0.020139268
-0.002969061	-0.008991055	-0.003535089
0.010833809	-0.014994918	0.003869181
-0.01120884	-0.003835416	-0.007395422
0.022270084	-0.016555555	0.008074703
-0.026582377	-0.016747312	0.00168519
0.026581445	-0.009270389	0.004854723
0.017826994	0.002529239	0.002650347
-0.009513177	0.001423672	0.002202806
0.007800719	0.012693765	-0.001922626
-0.000862001	0.01619687	-0.001807536
-0.004261487	0.005441363	-0.002324041
0.006452614	0.004866001	0.006832762
-0.001776874	-0.001822232	0.00134812
-0.02970798	0.008643998	0.001292341
0.017311338	-0.002115787	0.002320027
-0.004878501	-0.019874814	0.000318291
-0.001080927	-0.027802131	0.000418696
-0.014288624	0.027436623	-0.006029476
-0.004596383	0.005562775	0.000510277
-0.00040007	0.032888351	-0.008865136
-0.006415254	0.010292348	0.000436977
0.027690332	0.026260248	-0.005221914
-0.001880176	0.005301064	0.003525003
0.025473342	0.022053786	-0.010360012
-0.02512993	-0.023992898	0.002409752
-0.002271906	-0.00467118	0.001584826
0.024409161	0.01005945	-0.000342076
-0.007780531	0.003135344	0.001177592
-0.012117752	-0.011919155	0.002292516
-0.013593113	-0.028543928	-0.002966591
-0.000709025	-0.004934166	0.002925603
-0.002743491	0.004980408	0.001622712
-0.0130179	-0.010889631	0.003731029
0.020570801	-0.000170883	-0.000937039
0.025160114	-0.001658423	0.000480274
-0.013951907	-0.001781184	-0.003548345
-0.012586449	0.004870334	0.00015599
0.016066445	0.009474145	-0.004150157
-0.04799378	-0.016390155	0.001180658
0.004250603	-0.008218684	0.001426783
0.011281857	0.012292342	-0.003275702
0.005502696	0.012409966	-0.008714845
0.011093177	-0.009765255	0.002588247
0.014099971	0.014157573	-0.000420475
0.006203756	-0.002900901	0.004131081
-0.024861567	0.005549491	0.014830276
0.012050088	-0.00757485	0.005580712
-0.027493492	-0.000314302	0.001762822
-0.03732518	0.005311683	0.000278602
0.008375563	-0.009054696	0.001415022
0.004598764	-0.003818295	0.003477043
-0.0036787	0.008303414	-0.000677052
-0.018556166	0.00218079	-0.007398354
0.019007385	0.012189947	0.001872035
0.00180662	0.001939621	-0.002734754
-0.019172149	0.0152253	-0.003155145
0.004563405	0.009244557	0.00091942
0.008239011	-0.000659376	0.006651429
-0.009570801	-0.025340415	0.003476981
0.010581455	-0.015421265	0.002796311
-0.004537703	0.002648752	0.000573064
-0.011504726	-0.00089808	0.0031428
0.016556259	-0.016260673	0.001474848
0.018160528	0.00583484	0.000754767
0.002877432	-0.022279316	-0.000202317
-0.003378337	-9.06288E-07	6.13098E-07
0.008420537	-0.027120373	0.004174607
0.008998477	0.013349722	-0.005911907
0.010605338	-0.007935009	-3.02571E-05
0.016221497	0.003823409	0.003121035
0.003524277	-0.005609052	-0.000925333
0.021409763	-0.005722086	0.000827505
0.007612057	-0.011635852	-0.003488111
-0.001875136	-0.002380373	-0.004891332
0.01247389	0.028424826	-0.035600501
0.003114691	-0.017746296	0.005449331
-0.002401234	-0.020096767	0.017295677
-0.011379434	0.001355734	0.006976465
0.007032576	-0.006008831	0.010966287
0.006226544	0.007459941	-0.00596223
-0.010507355	0.021306672	-0.005824536
-3.89396E-05	0.01039929	-0.000203683
-0.001000728	0.020465785	-0.002073314
0.007104646	-0.003963257	0.006604072
-0.008217621	0.003248826	0.000999721
-0.004947023	0.020309436	-0.006488029
-0.015674191	0.003407111	-4.16092E-05
0.030563145	0.017259825	-0.00631317
0.013532657	0.006172108	0.000550746
-0.019750664	0.00610049	0.001546167
0.024369591	-0.003754247	0.009564919
-0.001026557	0.001661167	-0.001015828
-0.008052769	-0.004679062	0.002512019
-0.018994645	-0.010998038	0.004108426
-0.00016711	-0.00617691	0.000396735
-0.008257155	-0.003301572	0.000629656
0.011794472	-0.01230171	0.001043144
-0.007218166	-0.001361859	-0.011578947
0.015924854	-0.012460668	0.004702458
-0.020048692	0.004442953	-0.00010604
0.00057186	-0.002009075	0.002950803
0.016088876	-0.016907068	-0.001935493
0.006254413	0.010406611	-0.00801247
-0.019865419	0.009177626	0.004380353
-0.02393913	-0.00526403	0.005964098
0.008750562	-0.01641553	0.001734422
0.006041176	0.003271493	-0.00380457
-0.007538409	0.01893806	0.002725471
0.00800218	0.007202187	-0.000454633
-0.003845333	-0.022311041	0.000656101
-0.00312072	-0.001773537	0.003489564
-0.006949564	-0.001042668	0.001929471
0.009936062	0.008083069	-0.002025523
-0.005726017	0.010856875	0.000420857
-0.002290389	0.008047688	-0.001338012
-0.010573788	-0.010245711	-0.009538852
0.007451115	0.000180007	-0.003378811
-0.010133861	-0.013377946	-0.001842269
-0.001884216	-0.003450222	0.000826978
0.02580081	0.005601075	-0.006503138
-0.013092482	0.000703859	0.003966619
0.011259441	-0.022013245	-0.009372844
0.003634978	-0.002159695	-0.003085472
-0.023763885	-0.009009861	0.003790518
0.008297054	0.00054409	-0.008087394
-0.00208494	0.009414638	0.002865293
-0.029772966	0.020724843	-0.011446868
-0.004062086	0.007202482	0.000658712
0.014420866	0.001197618	0.006136181
-0.004568227	-0.010889806	-0.001152899
-0.007918655	0.010150908	0.007378874
-0.004457568	0.007267173	0.004041777
-0.015325138	0.011851333	-0.003527043
-0.010313452	0.009220701	0.004971616
0.0150833	0.000646697	0.000516115
0.008075228	-0.009358983	0.00157671
0.001249605	0.004572329	0.006260606
-0.004138681	0.000836063	0.001709684
0.002645068	0.010797858	-0.00406673
0.012177142	-0.006724504	-0.001583607
-0.009029294	0.010575429	-0.009587534
0.023081341	0.009864933	-0.002838916
-0.012954476	0.008104328	0.000925276
0.001929725	0.004682523	0.000525141
-0.010194448	-0.036924803	-0.021564885
0.006983233	-0.055243796	-0.028712427
-0.009800242	-0.005353657	-0.005875484
0.003359738	-0.013144805	-0.008838684
-0.010835352	0.030322232	0.025956845
0.008728287	-0.034645195	-0.011336215
-0.000525197	0.021008095	0.003043728
-0.006078937	-0.012824	0.011558963
-0.005409673	-0.001120022	0.001603577
0.012651998	0.021104895	-0.005837533
0.015806993	0.014188098	0.004770503
-0.004077983	0.000738567	-0.002397478
-0.033348723	-0.002464272	0.003577624
0.003948309	0.000222772	0.004144975
0.003119954	-0.003214464	0.003750822
-0.026260536	0.011783857	-0.001034945
-0.0181578	-0.010391262	0.001928726
-0.015426323	-0.020117071	-0.00171962
0.009872304	0.008042425	-0.000374901
-0.027963795	0.007131416	0.004665942
-0.001854583	-0.015563455	-0.002683142
0.029745815	0.007582208	-0.00359569
-0.02032532	0.000485185	0.002427609
0.019100243	0.009376893	0.002717121
0.00580269	0.011046203	0.00150935
-0.007459881	0.00531244	0.01095807
0.005268913	0.020463887	0.001350019
-0.006263546	-0.001467175	-0.001321989
-0.014571366	-0.012749402	0.002608213
0.014467836	-0.003491047	0.002343746
0.017572078	-0.002992872	-0.003027658
0.001218645	-0.003223254	-7.12394E-05
-0.013630893	0.006845412	-0.009165876
0.002727807	-0.009671916	0.00091656
-0.001032579	0.012584798	-0.006174548
-0.012721894	-0.007278155	0.009544145
0.022829922	-0.00678397	-0.000564505
-0.01826001	0.003332323	0.000267057
0.011849221	-0.016286728	0.001973035
0.012292983	0.014958816	0.000809405
0.001765823	0.009977825	0.002391424
0.003791844	-0.013141126	0.000478639
0.009312288	0.001954547	-0.003027208
0.004822095	0.0081612	0.005930908
-0.009481153	0.004828996	-0.00093792
-0.015759112	0.010140747	0.00077952
0.031646655	0.015097682	-0.001021213
-0.013689309	0.012573063	-0.002777723
0.03837351	0.038530316	-0.009452759
0.011082625	-0.008917089	0.00454496
0.029511681	0.019978629	-0.00760437
0.012030503	-0.01164815	0.003618186
-0.006999626	0.005630673	-0.001429743
-0.063460626	-0.028280693	0.002166694
-0.046707122	-0.023683056	0.008058145
0.022246804	-0.017050843	0.003312095
-0.005125193	0.009049677	0.000992551
0.009538175	-0.006491197	0.001235683
-0.00136881	-0.003552317	-0.001356165
0.002962653	0.002625378	-0.000379686
0.019757264	0.009553384	0.000789443
-0.004290495	-0.003577337	0.001173869
0.023828872	-0.004984398	-0.00505933
-0.012074217	0.014689037	0.003256326
0.008063258	-0.011061278	0.003729495
-0.027021802	-0.000899296	0.001094739
0.021521344	0.008519606	-0.002191424
-0.039346089	0.003088063	-0.003073723
0.009609716	-0.015484594	-0.000833487
0.023681639	-0.009143757	0.000794486
0.010643426	0.004131459	0.002549323
-0.006469035	0.002768927	0.000734508
0.017659694	-0.018997395	-0.000743466
-0.024526226	0.009052191	0.000632297
-0.017889895	-0.001419791	0.004704223
0.002141312	0.009246812	0.000495014
-0.006095631	-0.009375313	0.002207544
0.009466356	0.014029007	1.37198E-05
0.026317879	0.014121739	-0.003649125
0.018605842	-0.009193177	0.001937217
-0.003598952	-0.002466531	-0.00456222
-0.013414415	-0.001959257	-0.012887964
-0.010818381	-0.013263029	0.008514563
-0.022457614	0.005804455	-0.000540114
-0.010068987	-0.006389821	0.003949959
0.0030731	-0.011557348	0.001153637
-0.000202674	-0.00572551	0.005928184
-0.008588275	-6.50711E-05	-0.003790699
-0.014223702	-0.001638904	0.006146834
-0.012456218	0.001813802	0.001800625
0.031631538	0.001647004	-0.00102537
-0.01684813	-0.000557528	-0.000897156
0.020904137	-0.011701238	0.000621297
-0.010902629	-0.004003889	-0.002109078
0.008325712	0.005805548	-0.000432416
-0.003495433	0.011822793	-0.003435059
-0.013093517	0.005540407	0.009754716
0.012735394	0.00645644	-0.001442653
-0.021142747	-0.003994441	0.000926712
0.006956903	0.007790604	-0.000618544
0.000243412	0.004670976	0.002075932
-0.013122181	0.007455999	-0.003508907
0.015336448	0.016192242	-0.007144767
0.001249246	-0.028923156	0.002664888
-0.012010589	-0.000254232	0.004575493
-0.007200821	-0.019567913	0.001079248
0.013182124	-0.007525685	0.000627317
0.005605201	-0.000282748	0.000602779
-0.002901094	0.02036316	-0.000992969
-0.017695016	-0.005819296	0.002885209
0.012618751	-0.007797645	0.000296448
0.007219463	0.001618838	-0.003588109
0.000782105	0.025476372	-0.00273536
-0.003838411	-0.005959191	0.002486377
0.00483969	-0.012823804	0.000461746
0.00211076	-0.017470124	0.001260121
-0.005739965	0.007418707	-0.002317108
-0.002074714	0.016410499	-0.002118259
0.011995506	0.010870229	0.001746099
-0.00565729	0.007397687	-0.001894279
0.006767962	-0.001197461	0.005753262
-0.019735268	-0.012699514	-0.002716317
-0.008119682	-0.008376339	-0.000671782
-0.017989215	0.008429664	5.48476E-05
-0.009833074	-0.010259674	-0.001174208
8.47659E-06	0.006636321	-5.28164E-05
0.003943794	0.008084706	0.00118863
-0.002784181	0.006520986	-0.003088612
0.016595101	-0.006810729	0.003411828
-0.004594242	-0.012055949	-0.000116283
-0.016598433	-0.009212708	-0.017547532
-0.002165168	-0.001639306	0.006686565
-0.007694961	-0.000613911	-0.005326928
-0.004134646	0.004241122	-0.000106476
-0.006135179	0.00541222	-0.013275369
0.010495316	-0.020192269	0.011088257
-0.008311895	-0.000980681	0.008944932
0.00910428	-0.00579973	0.001897473
0.007096009	0.007018892	-0.002422883
0.034322045	0.016003071	0.004389669
0.003992961	-0.012600145	0.00390282
-0.006188047	0.000366715	0.002727118
-0.006026359	-0.010965008	-0.002110152
-0.000206879	0.007620609	-0.001942441
0.003530713	-0.0020222	-2.15234E-05
-0.00245197	0.011088762	-0.001890572
-0.004920602	0.005173179	0.000894681
-0.00434209	0.00263243	-0.006348931
-0.014213738	-0.004622798	0.002857501
-0.01149136	0.013521672	-0.004886737
-0.004441222	0.008916223	0.000895041
-0.004931452	0.004483816	0.005122882
-0.00288701	0.017182305	0.001570183
-0.038552174	-0.00262192	-0.000680023
0.002560484	0.008521463	-0.00852069
0.008602034	0.013749037	-0.000257247
0.007357607	-0.000107325	-0.007917727
0.004585317	0.016388259	-0.007214552
-0.016262113	-0.007060739	0.001687793
0.002343044	-3.18003E-05	-0.00737113
-0.013076087	-0.011879097	0.006524627
0.013422196	-0.008608364	0.008531106
-0.006259101	-0.015807455	0.00682523
0.002838915	0.003826863	0.005341227
-0.01606934	0.010709944	0.00365291
0.006070573	0.009979042	-0.002984188
0.000519458	-0.014340968	0.002292051
-0.017133269	0.02012773	0.002278109
0.009015517	0.001590519	0.001533718
0.004953705	7.24793E-05	0.001821441
-0.015169083	-0.004637869	-0.004623545
-0.004507677	-0.003657981	-0.001259482
0.001254743	-0.002001573	0.004527553
-0.002967251	-0.01608778	0.004367941
0.002967613	-0.003515789	-0.003113874
0.002580463	-0.006898122	-0.003046919
0.003258941	-0.030893583	-2.34684E-05
-0.009779068	0.025982136	-0.004153646
0.021942277	-0.020691369	0.002496085
0.010604393	-0.009729156	0.008166576
0.015683284	0.00332235	0.004541281
-0.000593099	0.005883555	0.0010675
0.004874101	-0.008312817	0.00292471
-0.011613089	0.009695297	-0.002720196
-0.012325919	0.010510171	-0.000425053
-0.00353109	-0.003260514	-0.002396291
-0.013446067	0.009692275	0.00201072
0.032594812	-0.018198047	-0.001224998
-0.010049498	-0.010612646	0.000838855
0.001673061	-0.016183221	-0.002314819
0.012755247	0.01859593	-0.000227786
0.024812517	-0.005849407	0.004309672
-0.001127317	0.006584089	-0.002079531
0.012760707	0.017448681	-0.003430241
0.000276195	0.020542758	-0.003087703
-0.035064327	-0.015083687	0.003443709
0.004903011	-0.001046206	0.000357987
0.007188516	0.022743697	-0.01490438
-0.017991536	0.012844882	0.009776292
-0.016492129	-0.010267378	0.005755234
0.016926861	0.012658797	-0.00118551
-0.011349482	0.004281724	-0.00016317
0.020016545	0.009241576	-0.000642935
-0.001243863	0.014211859	8.95146E-05
0.023421547	0.012840264	-0.001896305
-0.009838909	0.008762487	-0.002138769
-0.017148451	-0.035118618	0.004044141
-0.00399721	0.026821461	-0.005751639
0.005710448	0.027034782	-0.002668946
-0.019909253	0.001285349	-0.010187557
-0.008320329	0.000462263	0.011957725
0.009402241	-0.001566441	0.002340412
-0.006345596	0.001288534	-0.00134971
-0.012167756	0.022205318	0.000410876
-0.025059538	0.007091258	-0.010512915
-0.004869498	0.006797101	-0.000332707
0.003831975	-0.01126821	0.000720508
0.027579408	0.01528505	0.001998774
-0.002978165	0.023780017	-0.001959174
-0.000370848	-0.003599833	0.003368362
0.006292995	-0.001513355	-0.005985367
-0.011294572	-0.002923685	0.00391045
0.00417545	-0.013054394	0.005674058
-0.007966819	0.006791604	-0.002039977
0.00358724	0.028095391	-0.004304379
0.033835228	0.032464663	-0.005376896
0.045749388	0.006677239	-0.006736535
0.006974521	-0.01163135	0.005997133
0.066878907	0.021987609	-0.007238386
0.102117074	0.027887083	-0.014816759
0.005133211	-0.006195245	0.007422403
-0.090049834	-0.019563965	0.001431446
0.026784244	0.019035587	0.001403072
0.076519074	0.024157425	-0.007978599
0.020511873	0.005703734	-0.001014294
-0.046320434	-0.008528067	0.008564488
